0 20 39 58 77 96 115 134 153 172 191 210 229 248 267 286 305 324 343 362 
1 21 40 59 78 97 116 135 154 173 192 211 230 249 268 287 306 325 344 363 
2 22 41 60 79 98 117 136 155 174 193 212 231 250 269 288 307 326 345 364 
3 23 42 61 80 99 118 137 156 175 194 213 232 251 270 289 308 327 346 365 
4 24 43 62 81 100 119 138 157 176 195 214 233 252 271 290 309 328 347 366 
5 25 44 63 82 101 120 139 158 177 196 215 234 253 272 291 310 329 348 367 
6 26 45 64 83 102 121 140 159 178 197 216 235 254 273 292 311 330 349 368 
7 27 46 65 84 103 122 141 160 179 198 217 236 255 274 293 312 331 350 369 
8 28 47 66 85 104 123 142 161 180 199 218 237 256 275 294 313 332 351 370 
9 29 48 67 86 105 124 143 162 181 200 219 238 257 276 295 314 333 352 371 
10 30 49 68 87 106 125 144 163 182 201 220 239 258 277 296 315 334 353 372 
11 31 50 69 88 107 126 145 164 183 202 221 240 259 278 297 316 335 354 373 
12 32 51 70 89 108 127 146 165 184 203 222 241 260 279 298 317 336 355 374 
13 33 52 71 90 109 128 147 166 185 204 223 242 261 280 299 318 337 356 375 
14 34 53 72 91 110 129 148 167 186 205 224 243 262 281 300 319 338 357 376 
15 35 54 73 92 111 130 149 168 187 206 225 244 263 282 301 320 339 358 377 
16 36 55 74 93 112 131 150 169 188 207 226 245 264 283 302 321 340 359 378 
17 37 56 75 94 113 132 151 170 189 208 227 246 265 284 303 322 341 360 379 
18 38 57 76 95 114 133 152 171 190 209 228 247 266 285 304 323 342 361 380 
0 19 39 58 77 96 115 134 153 172 191 210 229 248 267 286 305 324 343 362 
1 20 40 59 78 97 116 135 154 173 192 211 230 249 268 287 306 325 344 363 
2 21 41 60 79 98 117 136 155 174 193 212 231 250 269 288 307 326 345 364 
3 22 42 61 80 99 118 137 156 175 194 213 232 251 270 289 308 327 346 365 
4 23 43 62 81 100 119 138 157 176 195 214 233 252 271 290 309 328 347 366 
5 24 44 63 82 101 120 139 158 177 196 215 234 253 272 291 310 329 348 367 
6 25 45 64 83 102 121 140 159 178 197 216 235 254 273 292 311 330 349 368 
7 26 46 65 84 103 122 141 160 179 198 217 236 255 274 293 312 331 350 369 
8 27 47 66 85 104 123 142 161 180 199 218 237 256 275 294 313 332 351 370 
9 28 48 67 86 105 124 143 162 181 200 219 238 257 276 295 314 333 352 371 
10 29 49 68 87 106 125 144 163 182 201 220 239 258 277 296 315 334 353 372 
11 30 50 69 88 107 126 145 164 183 202 221 240 259 278 297 316 335 354 373 
12 31 51 70 89 108 127 146 165 184 203 222 241 260 279 298 317 336 355 374 
13 32 52 71 90 109 128 147 166 185 204 223 242 261 280 299 318 337 356 375 
14 33 53 72 91 110 129 148 167 186 205 224 243 262 281 300 319 338 357 376 
15 34 54 73 92 111 130 149 168 187 206 225 244 263 282 301 320 339 358 377 
16 35 55 74 93 112 131 150 169 188 207 226 245 264 283 302 321 340 359 378 
17 36 56 75 94 113 132 151 170 189 208 227 246 265 284 303 322 341 360 379 
18 37 57 76 95 114 133 152 171 190 209 228 247 266 285 304 323 342 361 380 
0 19 38 58 77 96 115 134 153 172 191 210 229 248 267 286 305 324 343 362 
1 20 39 59 78 97 116 135 154 173 192 211 230 249 268 287 306 325 344 363 
2 21 40 60 79 98 117 136 155 174 193 212 231 250 269 288 307 326 345 364 
3 22 41 61 80 99 118 137 156 175 194 213 232 251 270 289 308 327 346 365 
4 23 42 62 81 100 119 138 157 176 195 214 233 252 271 290 309 328 347 366 
5 24 43 63 82 101 120 139 158 177 196 215 234 253 272 291 310 329 348 367 
6 25 44 64 83 102 121 140 159 178 197 216 235 254 273 292 311 330 349 368 
7 26 45 65 84 103 122 141 160 179 198 217 236 255 274 293 312 331 350 369 
8 27 46 66 85 104 123 142 161 180 199 218 237 256 275 294 313 332 351 370 
9 28 47 67 86 105 124 143 162 181 200 219 238 257 276 295 314 333 352 371 
10 29 48 68 87 106 125 144 163 182 201 220 239 258 277 296 315 334 353 372 
11 30 49 69 88 107 126 145 164 183 202 221 240 259 278 297 316 335 354 373 
12 31 50 70 89 108 127 146 165 184 203 222 241 260 279 298 317 336 355 374 
13 32 51 71 90 109 128 147 166 185 204 223 242 261 280 299 318 337 356 375 
14 33 52 72 91 110 129 148 167 186 205 224 243 262 281 300 319 338 357 376 
15 34 53 73 92 111 130 149 168 187 206 225 244 263 282 301 320 339 358 377 
16 35 54 74 93 112 131 150 169 188 207 226 245 264 283 302 321 340 359 378 
17 36 55 75 94 113 132 151 170 189 208 227 246 265 284 303 322 341 360 379 
18 37 56 76 95 114 133 152 171 190 209 228 247 266 285 304 323 342 361 380 
0 19 38 57 77 96 115 134 153 172 191 210 229 248 267 286 305 324 343 362 
1 20 39 58 78 97 116 135 154 173 192 211 230 249 268 287 306 325 344 363 
2 21 40 59 79 98 117 136 155 174 193 212 231 250 269 288 307 326 345 364 
3 22 41 60 80 99 118 137 156 175 194 213 232 251 270 289 308 327 346 365 
4 23 42 61 81 100 119 138 157 176 195 214 233 252 271 290 309 328 347 366 
5 24 43 62 82 101 120 139 158 177 196 215 234 253 272 291 310 329 348 367 
6 25 44 63 83 102 121 140 159 178 197 216 235 254 273 292 311 330 349 368 
7 26 45 64 84 103 122 141 160 179 198 217 236 255 274 293 312 331 350 369 
8 27 46 65 85 104 123 142 161 180 199 218 237 256 275 294 313 332 351 370 
9 28 47 66 86 105 124 143 162 181 200 219 238 257 276 295 314 333 352 371 
10 29 48 67 87 106 125 144 163 182 201 220 239 258 277 296 315 334 353 372 
11 30 49 68 88 107 126 145 164 183 202 221 240 259 278 297 316 335 354 373 
12 31 50 69 89 108 127 146 165 184 203 222 241 260 279 298 317 336 355 374 
13 32 51 70 90 109 128 147 166 185 204 223 242 261 280 299 318 337 356 375 
14 33 52 71 91 110 129 148 167 186 205 224 243 262 281 300 319 338 357 376 
15 34 53 72 92 111 130 149 168 187 206 225 244 263 282 301 320 339 358 377 
16 35 54 73 93 112 131 150 169 188 207 226 245 264 283 302 321 340 359 378 
17 36 55 74 94 113 132 151 170 189 208 227 246 265 284 303 322 341 360 379 
18 37 56 75 95 114 133 152 171 190 209 228 247 266 285 304 323 342 361 380 
0 19 38 57 76 96 115 134 153 172 191 210 229 248 267 286 305 324 343 362 
1 20 39 58 77 97 116 135 154 173 192 211 230 249 268 287 306 325 344 363 
2 21 40 59 78 98 117 136 155 174 193 212 231 250 269 288 307 326 345 364 
3 22 41 60 79 99 118 137 156 175 194 213 232 251 270 289 308 327 346 365 
4 23 42 61 80 100 119 138 157 176 195 214 233 252 271 290 309 328 347 366 
5 24 43 62 81 101 120 139 158 177 196 215 234 253 272 291 310 329 348 367 
6 25 44 63 82 102 121 140 159 178 197 216 235 254 273 292 311 330 349 368 
7 26 45 64 83 103 122 141 160 179 198 217 236 255 274 293 312 331 350 369 
8 27 46 65 84 104 123 142 161 180 199 218 237 256 275 294 313 332 351 370 
9 28 47 66 85 105 124 143 162 181 200 219 238 257 276 295 314 333 352 371 
10 29 48 67 86 106 125 144 163 182 201 220 239 258 277 296 315 334 353 372 
11 30 49 68 87 107 126 145 164 183 202 221 240 259 278 297 316 335 354 373 
12 31 50 69 88 108 127 146 165 184 203 222 241 260 279 298 317 336 355 374 
13 32 51 70 89 109 128 147 166 185 204 223 242 261 280 299 318 337 356 375 
14 33 52 71 90 110 129 148 167 186 205 224 243 262 281 300 319 338 357 376 
15 34 53 72 91 111 130 149 168 187 206 225 244 263 282 301 320 339 358 377 
16 35 54 73 92 112 131 150 169 188 207 226 245 264 283 302 321 340 359 378 
17 36 55 74 93 113 132 151 170 189 208 227 246 265 284 303 322 341 360 379 
18 37 56 75 94 114 133 152 171 190 209 228 247 266 285 304 323 342 361 380 
0 19 38 57 76 95 115 134 153 172 191 210 229 248 267 286 305 324 343 362 
1 20 39 58 77 96 116 135 154 173 192 211 230 249 268 287 306 325 344 363 
2 21 40 59 78 97 117 136 155 174 193 212 231 250 269 288 307 326 345 364 
3 22 41 60 79 98 118 137 156 175 194 213 232 251 270 289 308 327 346 365 
4 23 42 61 80 99 119 138 157 176 195 214 233 252 271 290 309 328 347 366 
5 24 43 62 81 100 120 139 158 177 196 215 234 253 272 291 310 329 348 367 
6 25 44 63 82 101 121 140 159 178 197 216 235 254 273 292 311 330 349 368 
7 26 45 64 83 102 122 141 160 179 198 217 236 255 274 293 312 331 350 369 
8 27 46 65 84 103 123 142 161 180 199 218 237 256 275 294 313 332 351 370 
9 28 47 66 85 104 124 143 162 181 200 219 238 257 276 295 314 333 352 371 
10 29 48 67 86 105 125 144 163 182 201 220 239 258 277 296 315 334 353 372 
11 30 49 68 87 106 126 145 164 183 202 221 240 259 278 297 316 335 354 373 
12 31 50 69 88 107 127 146 165 184 203 222 241 260 279 298 317 336 355 374 
13 32 51 70 89 108 128 147 166 185 204 223 242 261 280 299 318 337 356 375 
14 33 52 71 90 109 129 148 167 186 205 224 243 262 281 300 319 338 357 376 
15 34 53 72 91 110 130 149 168 187 206 225 244 263 282 301 320 339 358 377 
16 35 54 73 92 111 131 150 169 188 207 226 245 264 283 302 321 340 359 378 
17 36 55 74 93 112 132 151 170 189 208 227 246 265 284 303 322 341 360 379 
18 37 56 75 94 113 133 152 171 190 209 228 247 266 285 304 323 342 361 380 
0 19 38 57 76 95 114 134 153 172 191 210 229 248 267 286 305 324 343 362 
1 20 39 58 77 96 115 135 154 173 192 211 230 249 268 287 306 325 344 363 
2 21 40 59 78 97 116 136 155 174 193 212 231 250 269 288 307 326 345 364 
3 22 41 60 79 98 117 137 156 175 194 213 232 251 270 289 308 327 346 365 
4 23 42 61 80 99 118 138 157 176 195 214 233 252 271 290 309 328 347 366 
5 24 43 62 81 100 119 139 158 177 196 215 234 253 272 291 310 329 348 367 
6 25 44 63 82 101 120 140 159 178 197 216 235 254 273 292 311 330 349 368 
7 26 45 64 83 102 121 141 160 179 198 217 236 255 274 293 312 331 350 369 
8 27 46 65 84 103 122 142 161 180 199 218 237 256 275 294 313 332 351 370 
9 28 47 66 85 104 123 143 162 181 200 219 238 257 276 295 314 333 352 371 
10 29 48 67 86 105 124 144 163 182 201 220 239 258 277 296 315 334 353 372 
11 30 49 68 87 106 125 145 164 183 202 221 240 259 278 297 316 335 354 373 
12 31 50 69 88 107 126 146 165 184 203 222 241 260 279 298 317 336 355 374 
13 32 51 70 89 108 127 147 166 185 204 223 242 261 280 299 318 337 356 375 
14 33 52 71 90 109 128 148 167 186 205 224 243 262 281 300 319 338 357 376 
15 34 53 72 91 110 129 149 168 187 206 225 244 263 282 301 320 339 358 377 
16 35 54 73 92 111 130 150 169 188 207 226 245 264 283 302 321 340 359 378 
17 36 55 74 93 112 131 151 170 189 208 227 246 265 284 303 322 341 360 379 
18 37 56 75 94 113 132 152 171 190 209 228 247 266 285 304 323 342 361 380 
0 19 38 57 76 95 114 133 153 172 191 210 229 248 267 286 305 324 343 362 
1 20 39 58 77 96 115 134 154 173 192 211 230 249 268 287 306 325 344 363 
2 21 40 59 78 97 116 135 155 174 193 212 231 250 269 288 307 326 345 364 
3 22 41 60 79 98 117 136 156 175 194 213 232 251 270 289 308 327 346 365 
4 23 42 61 80 99 118 137 157 176 195 214 233 252 271 290 309 328 347 366 
5 24 43 62 81 100 119 138 158 177 196 215 234 253 272 291 310 329 348 367 
6 25 44 63 82 101 120 139 159 178 197 216 235 254 273 292 311 330 349 368 
7 26 45 64 83 102 121 140 160 179 198 217 236 255 274 293 312 331 350 369 
8 27 46 65 84 103 122 141 161 180 199 218 237 256 275 294 313 332 351 370 
9 28 47 66 85 104 123 142 162 181 200 219 238 257 276 295 314 333 352 371 
10 29 48 67 86 105 124 143 163 182 201 220 239 258 277 296 315 334 353 372 
11 30 49 68 87 106 125 144 164 183 202 221 240 259 278 297 316 335 354 373 
12 31 50 69 88 107 126 145 165 184 203 222 241 260 279 298 317 336 355 374 
13 32 51 70 89 108 127 146 166 185 204 223 242 261 280 299 318 337 356 375 
14 33 52 71 90 109 128 147 167 186 205 224 243 262 281 300 319 338 357 376 
15 34 53 72 91 110 129 148 168 187 206 225 244 263 282 301 320 339 358 377 
16 35 54 73 92 111 130 149 169 188 207 226 245 264 283 302 321 340 359 378 
17 36 55 74 93 112 131 150 170 189 208 227 246 265 284 303 322 341 360 379 
18 37 56 75 94 113 132 151 171 190 209 228 247 266 285 304 323 342 361 380 
0 19 38 57 76 95 114 133 152 172 191 210 229 248 267 286 305 324 343 362 
1 20 39 58 77 96 115 134 153 173 192 211 230 249 268 287 306 325 344 363 
2 21 40 59 78 97 116 135 154 174 193 212 231 250 269 288 307 326 345 364 
3 22 41 60 79 98 117 136 155 175 194 213 232 251 270 289 308 327 346 365 
4 23 42 61 80 99 118 137 156 176 195 214 233 252 271 290 309 328 347 366 
5 24 43 62 81 100 119 138 157 177 196 215 234 253 272 291 310 329 348 367 
6 25 44 63 82 101 120 139 158 178 197 216 235 254 273 292 311 330 349 368 
7 26 45 64 83 102 121 140 159 179 198 217 236 255 274 293 312 331 350 369 
8 27 46 65 84 103 122 141 160 180 199 218 237 256 275 294 313 332 351 370 
9 28 47 66 85 104 123 142 161 181 200 219 238 257 276 295 314 333 352 371 
10 29 48 67 86 105 124 143 162 182 201 220 239 258 277 296 315 334 353 372 
11 30 49 68 87 106 125 144 163 183 202 221 240 259 278 297 316 335 354 373 
12 31 50 69 88 107 126 145 164 184 203 222 241 260 279 298 317 336 355 374 
13 32 51 70 89 108 127 146 165 185 204 223 242 261 280 299 318 337 356 375 
14 33 52 71 90 109 128 147 166 186 205 224 243 262 281 300 319 338 357 376 
15 34 53 72 91 110 129 148 167 187 206 225 244 263 282 301 320 339 358 377 
16 35 54 73 92 111 130 149 168 188 207 226 245 264 283 302 321 340 359 378 
17 36 55 74 93 112 131 150 169 189 208 227 246 265 284 303 322 341 360 379 
18 37 56 75 94 113 132 151 170 190 209 228 247 266 285 304 323 342 361 380 
0 19 38 57 76 95 114 133 152 171 191 210 229 248 267 286 305 324 343 362 
1 20 39 58 77 96 115 134 153 172 192 211 230 249 268 287 306 325 344 363 
2 21 40 59 78 97 116 135 154 173 193 212 231 250 269 288 307 326 345 364 
3 22 41 60 79 98 117 136 155 174 194 213 232 251 270 289 308 327 346 365 
4 23 42 61 80 99 118 137 156 175 195 214 233 252 271 290 309 328 347 366 
5 24 43 62 81 100 119 138 157 176 196 215 234 253 272 291 310 329 348 367 
6 25 44 63 82 101 120 139 158 177 197 216 235 254 273 292 311 330 349 368 
7 26 45 64 83 102 121 140 159 178 198 217 236 255 274 293 312 331 350 369 
8 27 46 65 84 103 122 141 160 179 199 218 237 256 275 294 313 332 351 370 
9 28 47 66 85 104 123 142 161 180 200 219 238 257 276 295 314 333 352 371 
10 29 48 67 86 105 124 143 162 181 201 220 239 258 277 296 315 334 353 372 
11 30 49 68 87 106 125 144 163 182 202 221 240 259 278 297 316 335 354 373 
12 31 50 69 88 107 126 145 164 183 203 222 241 260 279 298 317 336 355 374 
13 32 51 70 89 108 127 146 165 184 204 223 242 261 280 299 318 337 356 375 
14 33 52 71 90 109 128 147 166 185 205 224 243 262 281 300 319 338 357 376 
15 34 53 72 91 110 129 148 167 186 206 225 244 263 282 301 320 339 358 377 
16 35 54 73 92 111 130 149 168 187 207 226 245 264 283 302 321 340 359 378 
17 36 55 74 93 112 131 150 169 188 208 227 246 265 284 303 322 341 360 379 
18 37 56 75 94 113 132 151 170 189 209 228 247 266 285 304 323 342 361 380 
0 19 38 57 76 95 114 133 152 171 190 210 229 248 267 286 305 324 343 362 
1 20 39 58 77 96 115 134 153 172 191 211 230 249 268 287 306 325 344 363 
2 21 40 59 78 97 116 135 154 173 192 212 231 250 269 288 307 326 345 364 
3 22 41 60 79 98 117 136 155 174 193 213 232 251 270 289 308 327 346 365 
4 23 42 61 80 99 118 137 156 175 194 214 233 252 271 290 309 328 347 366 
5 24 43 62 81 100 119 138 157 176 195 215 234 253 272 291 310 329 348 367 
6 25 44 63 82 101 120 139 158 177 196 216 235 254 273 292 311 330 349 368 
7 26 45 64 83 102 121 140 159 178 197 217 236 255 274 293 312 331 350 369 
8 27 46 65 84 103 122 141 160 179 198 218 237 256 275 294 313 332 351 370 
9 28 47 66 85 104 123 142 161 180 199 219 238 257 276 295 314 333 352 371 
10 29 48 67 86 105 124 143 162 181 200 220 239 258 277 296 315 334 353 372 
11 30 49 68 87 106 125 144 163 182 201 221 240 259 278 297 316 335 354 373 
12 31 50 69 88 107 126 145 164 183 202 222 241 260 279 298 317 336 355 374 
13 32 51 70 89 108 127 146 165 184 203 223 242 261 280 299 318 337 356 375 
14 33 52 71 90 109 128 147 166 185 204 224 243 262 281 300 319 338 357 376 
15 34 53 72 91 110 129 148 167 186 205 225 244 263 282 301 320 339 358 377 
16 35 54 73 92 111 130 149 168 187 206 226 245 264 283 302 321 340 359 378 
17 36 55 74 93 112 131 150 169 188 207 227 246 265 284 303 322 341 360 379 
18 37 56 75 94 113 132 151 170 189 208 228 247 266 285 304 323 342 361 380 
0 19 38 57 76 95 114 133 152 171 190 209 229 248 267 286 305 324 343 362 
1 20 39 58 77 96 115 134 153 172 191 210 230 249 268 287 306 325 344 363 
2 21 40 59 78 97 116 135 154 173 192 211 231 250 269 288 307 326 345 364 
3 22 41 60 79 98 117 136 155 174 193 212 232 251 270 289 308 327 346 365 
4 23 42 61 80 99 118 137 156 175 194 213 233 252 271 290 309 328 347 366 
5 24 43 62 81 100 119 138 157 176 195 214 234 253 272 291 310 329 348 367 
6 25 44 63 82 101 120 139 158 177 196 215 235 254 273 292 311 330 349 368 
7 26 45 64 83 102 121 140 159 178 197 216 236 255 274 293 312 331 350 369 
8 27 46 65 84 103 122 141 160 179 198 217 237 256 275 294 313 332 351 370 
9 28 47 66 85 104 123 142 161 180 199 218 238 257 276 295 314 333 352 371 
10 29 48 67 86 105 124 143 162 181 200 219 239 258 277 296 315 334 353 372 
11 30 49 68 87 106 125 144 163 182 201 220 240 259 278 297 316 335 354 373 
12 31 50 69 88 107 126 145 164 183 202 221 241 260 279 298 317 336 355 374 
13 32 51 70 89 108 127 146 165 184 203 222 242 261 280 299 318 337 356 375 
14 33 52 71 90 109 128 147 166 185 204 223 243 262 281 300 319 338 357 376 
15 34 53 72 91 110 129 148 167 186 205 224 244 263 282 301 320 339 358 377 
16 35 54 73 92 111 130 149 168 187 206 225 245 264 283 302 321 340 359 378 
17 36 55 74 93 112 131 150 169 188 207 226 246 265 284 303 322 341 360 379 
18 37 56 75 94 113 132 151 170 189 208 227 247 266 285 304 323 342 361 380 
0 19 38 57 76 95 114 133 152 171 190 209 228 248 267 286 305 324 343 362 
1 20 39 58 77 96 115 134 153 172 191 210 229 249 268 287 306 325 344 363 
2 21 40 59 78 97 116 135 154 173 192 211 230 250 269 288 307 326 345 364 
3 22 41 60 79 98 117 136 155 174 193 212 231 251 270 289 308 327 346 365 
4 23 42 61 80 99 118 137 156 175 194 213 232 252 271 290 309 328 347 366 
5 24 43 62 81 100 119 138 157 176 195 214 233 253 272 291 310 329 348 367 
6 25 44 63 82 101 120 139 158 177 196 215 234 254 273 292 311 330 349 368 
7 26 45 64 83 102 121 140 159 178 197 216 235 255 274 293 312 331 350 369 
8 27 46 65 84 103 122 141 160 179 198 217 236 256 275 294 313 332 351 370 
9 28 47 66 85 104 123 142 161 180 199 218 237 257 276 295 314 333 352 371 
10 29 48 67 86 105 124 143 162 181 200 219 238 258 277 296 315 334 353 372 
11 30 49 68 87 106 125 144 163 182 201 220 239 259 278 297 316 335 354 373 
12 31 50 69 88 107 126 145 164 183 202 221 240 260 279 298 317 336 355 374 
13 32 51 70 89 108 127 146 165 184 203 222 241 261 280 299 318 337 356 375 
14 33 52 71 90 109 128 147 166 185 204 223 242 262 281 300 319 338 357 376 
15 34 53 72 91 110 129 148 167 186 205 224 243 263 282 301 320 339 358 377 
16 35 54 73 92 111 130 149 168 187 206 225 244 264 283 302 321 340 359 378 
17 36 55 74 93 112 131 150 169 188 207 226 245 265 284 303 322 341 360 379 
18 37 56 75 94 113 132 151 170 189 208 227 246 266 285 304 323 342 361 380 
0 19 38 57 76 95 114 133 152 171 190 209 228 247 267 286 305 324 343 362 
1 20 39 58 77 96 115 134 153 172 191 210 229 248 268 287 306 325 344 363 
2 21 40 59 78 97 116 135 154 173 192 211 230 249 269 288 307 326 345 364 
3 22 41 60 79 98 117 136 155 174 193 212 231 250 270 289 308 327 346 365 
4 23 42 61 80 99 118 137 156 175 194 213 232 251 271 290 309 328 347 366 
5 24 43 62 81 100 119 138 157 176 195 214 233 252 272 291 310 329 348 367 
6 25 44 63 82 101 120 139 158 177 196 215 234 253 273 292 311 330 349 368 
7 26 45 64 83 102 121 140 159 178 197 216 235 254 274 293 312 331 350 369 
8 27 46 65 84 103 122 141 160 179 198 217 236 255 275 294 313 332 351 370 
9 28 47 66 85 104 123 142 161 180 199 218 237 256 276 295 314 333 352 371 
10 29 48 67 86 105 124 143 162 181 200 219 238 257 277 296 315 334 353 372 
11 30 49 68 87 106 125 144 163 182 201 220 239 258 278 297 316 335 354 373 
12 31 50 69 88 107 126 145 164 183 202 221 240 259 279 298 317 336 355 374 
13 32 51 70 89 108 127 146 165 184 203 222 241 260 280 299 318 337 356 375 
14 33 52 71 90 109 128 147 166 185 204 223 242 261 281 300 319 338 357 376 
15 34 53 72 91 110 129 148 167 186 205 224 243 262 282 301 320 339 358 377 
16 35 54 73 92 111 130 149 168 187 206 225 244 263 283 302 321 340 359 378 
17 36 55 74 93 112 131 150 169 188 207 226 245 264 284 303 322 341 360 379 
18 37 56 75 94 113 132 151 170 189 208 227 246 265 285 304 323 342 361 380 
0 19 38 57 76 95 114 133 152 171 190 209 228 247 266 286 305 324 343 362 
1 20 39 58 77 96 115 134 153 172 191 210 229 248 267 287 306 325 344 363 
2 21 40 59 78 97 116 135 154 173 192 211 230 249 268 288 307 326 345 364 
3 22 41 60 79 98 117 136 155 174 193 212 231 250 269 289 308 327 346 365 
4 23 42 61 80 99 118 137 156 175 194 213 232 251 270 290 309 328 347 366 
5 24 43 62 81 100 119 138 157 176 195 214 233 252 271 291 310 329 348 367 
6 25 44 63 82 101 120 139 158 177 196 215 234 253 272 292 311 330 349 368 
7 26 45 64 83 102 121 140 159 178 197 216 235 254 273 293 312 331 350 369 
8 27 46 65 84 103 122 141 160 179 198 217 236 255 274 294 313 332 351 370 
9 28 47 66 85 104 123 142 161 180 199 218 237 256 275 295 314 333 352 371 
10 29 48 67 86 105 124 143 162 181 200 219 238 257 276 296 315 334 353 372 
11 30 49 68 87 106 125 144 163 182 201 220 239 258 277 297 316 335 354 373 
12 31 50 69 88 107 126 145 164 183 202 221 240 259 278 298 317 336 355 374 
13 32 51 70 89 108 127 146 165 184 203 222 241 260 279 299 318 337 356 375 
14 33 52 71 90 109 128 147 166 185 204 223 242 261 280 300 319 338 357 376 
15 34 53 72 91 110 129 148 167 186 205 224 243 262 281 301 320 339 358 377 
16 35 54 73 92 111 130 149 168 187 206 225 244 263 282 302 321 340 359 378 
17 36 55 74 93 112 131 150 169 188 207 226 245 264 283 303 322 341 360 379 
18 37 56 75 94 113 132 151 170 189 208 227 246 265 284 304 323 342 361 380 
0 19 38 57 76 95 114 133 152 171 190 209 228 247 266 285 305 324 343 362 
1 20 39 58 77 96 115 134 153 172 191 210 229 248 267 286 306 325 344 363 
2 21 40 59 78 97 116 135 154 173 192 211 230 249 268 287 307 326 345 364 
3 22 41 60 79 98 117 136 155 174 193 212 231 250 269 288 308 327 346 365 
4 23 42 61 80 99 118 137 156 175 194 213 232 251 270 289 309 328 347 366 
5 24 43 62 81 100 119 138 157 176 195 214 233 252 271 290 310 329 348 367 
6 25 44 63 82 101 120 139 158 177 196 215 234 253 272 291 311 330 349 368 
7 26 45 64 83 102 121 140 159 178 197 216 235 254 273 292 312 331 350 369 
8 27 46 65 84 103 122 141 160 179 198 217 236 255 274 293 313 332 351 370 
9 28 47 66 85 104 123 142 161 180 199 218 237 256 275 294 314 333 352 371 
10 29 48 67 86 105 124 143 162 181 200 219 238 257 276 295 315 334 353 372 
11 30 49 68 87 106 125 144 163 182 201 220 239 258 277 296 316 335 354 373 
12 31 50 69 88 107 126 145 164 183 202 221 240 259 278 297 317 336 355 374 
13 32 51 70 89 108 127 146 165 184 203 222 241 260 279 298 318 337 356 375 
14 33 52 71 90 109 128 147 166 185 204 223 242 261 280 299 319 338 357 376 
15 34 53 72 91 110 129 148 167 186 205 224 243 262 281 300 320 339 358 377 
16 35 54 73 92 111 130 149 168 187 206 225 244 263 282 301 321 340 359 378 
17 36 55 74 93 112 131 150 169 188 207 226 245 264 283 302 322 341 360 379 
18 37 56 75 94 113 132 151 170 189 208 227 246 265 284 303 323 342 361 380 
0 19 38 57 76 95 114 133 152 171 190 209 228 247 266 285 304 324 343 362 
1 20 39 58 77 96 115 134 153 172 191 210 229 248 267 286 305 325 344 363 
2 21 40 59 78 97 116 135 154 173 192 211 230 249 268 287 306 326 345 364 
3 22 41 60 79 98 117 136 155 174 193 212 231 250 269 288 307 327 346 365 
4 23 42 61 80 99 118 137 156 175 194 213 232 251 270 289 308 328 347 366 
5 24 43 62 81 100 119 138 157 176 195 214 233 252 271 290 309 329 348 367 
6 25 44 63 82 101 120 139 158 177 196 215 234 253 272 291 310 330 349 368 
7 26 45 64 83 102 121 140 159 178 197 216 235 254 273 292 311 331 350 369 
8 27 46 65 84 103 122 141 160 179 198 217 236 255 274 293 312 332 351 370 
9 28 47 66 85 104 123 142 161 180 199 218 237 256 275 294 313 333 352 371 
10 29 48 67 86 105 124 143 162 181 200 219 238 257 276 295 314 334 353 372 
11 30 49 68 87 106 125 144 163 182 201 220 239 258 277 296 315 335 354 373 
12 31 50 69 88 107 126 145 164 183 202 221 240 259 278 297 316 336 355 374 
13 32 51 70 89 108 127 146 165 184 203 222 241 260 279 298 317 337 356 375 
14 33 52 71 90 109 128 147 166 185 204 223 242 261 280 299 318 338 357 376 
15 34 53 72 91 110 129 148 167 186 205 224 243 262 281 300 319 339 358 377 
16 35 54 73 92 111 130 149 168 187 206 225 244 263 282 301 320 340 359 378 
17 36 55 74 93 112 131 150 169 188 207 226 245 264 283 302 321 341 360 379 
18 37 56 75 94 113 132 151 170 189 208 227 246 265 284 303 322 342 361 380 
0 19 38 57 76 95 114 133 152 171 190 209 228 247 266 285 304 323 343 362 
1 20 39 58 77 96 115 134 153 172 191 210 229 248 267 286 305 324 344 363 
2 21 40 59 78 97 116 135 154 173 192 211 230 249 268 287 306 325 345 364 
3 22 41 60 79 98 117 136 155 174 193 212 231 250 269 288 307 326 346 365 
4 23 42 61 80 99 118 137 156 175 194 213 232 251 270 289 308 327 347 366 
5 24 43 62 81 100 119 138 157 176 195 214 233 252 271 290 309 328 348 367 
6 25 44 63 82 101 120 139 158 177 196 215 234 253 272 291 310 329 349 368 
7 26 45 64 83 102 121 140 159 178 197 216 235 254 273 292 311 330 350 369 
8 27 46 65 84 103 122 141 160 179 198 217 236 255 274 293 312 331 351 370 
9 28 47 66 85 104 123 142 161 180 199 218 237 256 275 294 313 332 352 371 
10 29 48 67 86 105 124 143 162 181 200 219 238 257 276 295 314 333 353 372 
11 30 49 68 87 106 125 144 163 182 201 220 239 258 277 296 315 334 354 373 
12 31 50 69 88 107 126 145 164 183 202 221 240 259 278 297 316 335 355 374 
13 32 51 70 89 108 127 146 165 184 203 222 241 260 279 298 317 336 356 375 
14 33 52 71 90 109 128 147 166 185 204 223 242 261 280 299 318 337 357 376 
15 34 53 72 91 110 129 148 167 186 205 224 243 262 281 300 319 338 358 377 
16 35 54 73 92 111 130 149 168 187 206 225 244 263 282 301 320 339 359 378 
17 36 55 74 93 112 131 150 169 188 207 226 245 264 283 302 321 340 360 379 
18 37 56 75 94 113 132 151 170 189 208 227 246 265 284 303 322 341 361 380 
0 19 38 57 76 95 114 133 152 171 190 209 228 247 266 285 304 323 342 362 
1 20 39 58 77 96 115 134 153 172 191 210 229 248 267 286 305 324 343 363 
2 21 40 59 78 97 116 135 154 173 192 211 230 249 268 287 306 325 344 364 
3 22 41 60 79 98 117 136 155 174 193 212 231 250 269 288 307 326 345 365 
4 23 42 61 80 99 118 137 156 175 194 213 232 251 270 289 308 327 346 366 
5 24 43 62 81 100 119 138 157 176 195 214 233 252 271 290 309 328 347 367 
6 25 44 63 82 101 120 139 158 177 196 215 234 253 272 291 310 329 348 368 
7 26 45 64 83 102 121 140 159 178 197 216 235 254 273 292 311 330 349 369 
8 27 46 65 84 103 122 141 160 179 198 217 236 255 274 293 312 331 350 370 
9 28 47 66 85 104 123 142 161 180 199 218 237 256 275 294 313 332 351 371 
10 29 48 67 86 105 124 143 162 181 200 219 238 257 276 295 314 333 352 372 
11 30 49 68 87 106 125 144 163 182 201 220 239 258 277 296 315 334 353 373 
12 31 50 69 88 107 126 145 164 183 202 221 240 259 278 297 316 335 354 374 
13 32 51 70 89 108 127 146 165 184 203 222 241 260 279 298 317 336 355 375 
14 33 52 71 90 109 128 147 166 185 204 223 242 261 280 299 318 337 356 376 
15 34 53 72 91 110 129 148 167 186 205 224 243 262 281 300 319 338 357 377 
16 35 54 73 92 111 130 149 168 187 206 225 244 263 282 301 320 339 358 378 
17 36 55 74 93 112 131 150 169 188 207 226 245 264 283 302 321 340 359 379 
18 37 56 75 94 113 132 151 170 189 208 227 246 265 284 303 322 341 360 380 
0 19 38 57 76 95 114 133 152 171 190 209 228 247 266 285 304 323 342 361 
1 20 39 58 77 96 115 134 153 172 191 210 229 248 267 286 305 324 343 362 
2 21 40 59 78 97 116 135 154 173 192 211 230 249 268 287 306 325 344 363 
3 22 41 60 79 98 117 136 155 174 193 212 231 250 269 288 307 326 345 364 
4 23 42 61 80 99 118 137 156 175 194 213 232 251 270 289 308 327 346 365 
5 24 43 62 81 100 119 138 157 176 195 214 233 252 271 290 309 328 347 366 
6 25 44 63 82 101 120 139 158 177 196 215 234 253 272 291 310 329 348 367 
7 26 45 64 83 102 121 140 159 178 197 216 235 254 273 292 311 330 349 368 
8 27 46 65 84 103 122 141 160 179 198 217 236 255 274 293 312 331 350 369 
9 28 47 66 85 104 123 142 161 180 199 218 237 256 275 294 313 332 351 370 
10 29 48 67 86 105 124 143 162 181 200 219 238 257 276 295 314 333 352 371 
11 30 49 68 87 106 125 144 163 182 201 220 239 258 277 296 315 334 353 372 
12 31 50 69 88 107 126 145 164 183 202 221 240 259 278 297 316 335 354 373 
13 32 51 70 89 108 127 146 165 184 203 222 241 260 279 298 317 336 355 374 
14 33 52 71 90 109 128 147 166 185 204 223 242 261 280 299 318 337 356 375 
15 34 53 72 91 110 129 148 167 186 205 224 243 262 281 300 319 338 357 376 
16 35 54 73 92 111 130 149 168 187 206 225 244 263 282 301 320 339 358 377 
17 36 55 74 93 112 131 150 169 188 207 226 245 264 283 302 321 340 359 378 
18 37 56 75 94 113 132 151 170 189 208 227 246 265 284 303 322 341 360 379 
19 38 57 76 95 114 133 152 171 190 209 228 247 266 285 304 323 342 361 380 
