0 14 27 40 53 66 79 92 105 118 131 144 157 170 
1 15 28 41 54 67 80 93 106 119 132 145 158 171 
2 16 29 42 55 68 81 94 107 120 133 146 159 172 
3 17 30 43 56 69 82 95 108 121 134 147 160 173 
4 18 31 44 57 70 83 96 109 122 135 148 161 174 
5 19 32 45 58 71 84 97 110 123 136 149 162 175 
6 20 33 46 59 72 85 98 111 124 137 150 163 176 
7 21 34 47 60 73 86 99 112 125 138 151 164 177 
8 22 35 48 61 74 87 100 113 126 139 152 165 178 
9 23 36 49 62 75 88 101 114 127 140 153 166 179 
10 24 37 50 63 76 89 102 115 128 141 154 167 180 
11 25 38 51 64 77 90 103 116 129 142 155 168 181 
12 26 39 52 65 78 91 104 117 130 143 156 169 182 
0 13 27 40 53 66 79 92 105 118 131 144 157 170 
1 14 28 41 54 67 80 93 106 119 132 145 158 171 
2 15 29 42 55 68 81 94 107 120 133 146 159 172 
3 16 30 43 56 69 82 95 108 121 134 147 160 173 
4 17 31 44 57 70 83 96 109 122 135 148 161 174 
5 18 32 45 58 71 84 97 110 123 136 149 162 175 
6 19 33 46 59 72 85 98 111 124 137 150 163 176 
7 20 34 47 60 73 86 99 112 125 138 151 164 177 
8 21 35 48 61 74 87 100 113 126 139 152 165 178 
9 22 36 49 62 75 88 101 114 127 140 153 166 179 
10 23 37 50 63 76 89 102 115 128 141 154 167 180 
11 24 38 51 64 77 90 103 116 129 142 155 168 181 
12 25 39 52 65 78 91 104 117 130 143 156 169 182 
0 13 26 40 53 66 79 92 105 118 131 144 157 170 
1 14 27 41 54 67 80 93 106 119 132 145 158 171 
2 15 28 42 55 68 81 94 107 120 133 146 159 172 
3 16 29 43 56 69 82 95 108 121 134 147 160 173 
4 17 30 44 57 70 83 96 109 122 135 148 161 174 
5 18 31 45 58 71 84 97 110 123 136 149 162 175 
6 19 32 46 59 72 85 98 111 124 137 150 163 176 
7 20 33 47 60 73 86 99 112 125 138 151 164 177 
8 21 34 48 61 74 87 100 113 126 139 152 165 178 
9 22 35 49 62 75 88 101 114 127 140 153 166 179 
10 23 36 50 63 76 89 102 115 128 141 154 167 180 
11 24 37 51 64 77 90 103 116 129 142 155 168 181 
12 25 38 52 65 78 91 104 117 130 143 156 169 182 
0 13 26 39 53 66 79 92 105 118 131 144 157 170 
1 14 27 40 54 67 80 93 106 119 132 145 158 171 
2 15 28 41 55 68 81 94 107 120 133 146 159 172 
3 16 29 42 56 69 82 95 108 121 134 147 160 173 
4 17 30 43 57 70 83 96 109 122 135 148 161 174 
5 18 31 44 58 71 84 97 110 123 136 149 162 175 
6 19 32 45 59 72 85 98 111 124 137 150 163 176 
7 20 33 46 60 73 86 99 112 125 138 151 164 177 
8 21 34 47 61 74 87 100 113 126 139 152 165 178 
9 22 35 48 62 75 88 101 114 127 140 153 166 179 
10 23 36 49 63 76 89 102 115 128 141 154 167 180 
11 24 37 50 64 77 90 103 116 129 142 155 168 181 
12 25 38 51 65 78 91 104 117 130 143 156 169 182 
0 13 26 39 52 66 79 92 105 118 131 144 157 170 
1 14 27 40 53 67 80 93 106 119 132 145 158 171 
2 15 28 41 54 68 81 94 107 120 133 146 159 172 
3 16 29 42 55 69 82 95 108 121 134 147 160 173 
4 17 30 43 56 70 83 96 109 122 135 148 161 174 
5 18 31 44 57 71 84 97 110 123 136 149 162 175 
6 19 32 45 58 72 85 98 111 124 137 150 163 176 
7 20 33 46 59 73 86 99 112 125 138 151 164 177 
8 21 34 47 60 74 87 100 113 126 139 152 165 178 
9 22 35 48 61 75 88 101 114 127 140 153 166 179 
10 23 36 49 62 76 89 102 115 128 141 154 167 180 
11 24 37 50 63 77 90 103 116 129 142 155 168 181 
12 25 38 51 64 78 91 104 117 130 143 156 169 182 
0 13 26 39 52 65 79 92 105 118 131 144 157 170 
1 14 27 40 53 66 80 93 106 119 132 145 158 171 
2 15 28 41 54 67 81 94 107 120 133 146 159 172 
3 16 29 42 55 68 82 95 108 121 134 147 160 173 
4 17 30 43 56 69 83 96 109 122 135 148 161 174 
5 18 31 44 57 70 84 97 110 123 136 149 162 175 
6 19 32 45 58 71 85 98 111 124 137 150 163 176 
7 20 33 46 59 72 86 99 112 125 138 151 164 177 
8 21 34 47 60 73 87 100 113 126 139 152 165 178 
9 22 35 48 61 74 88 101 114 127 140 153 166 179 
10 23 36 49 62 75 89 102 115 128 141 154 167 180 
11 24 37 50 63 76 90 103 116 129 142 155 168 181 
12 25 38 51 64 77 91 104 117 130 143 156 169 182 
0 13 26 39 52 65 78 92 105 118 131 144 157 170 
1 14 27 40 53 66 79 93 106 119 132 145 158 171 
2 15 28 41 54 67 80 94 107 120 133 146 159 172 
3 16 29 42 55 68 81 95 108 121 134 147 160 173 
4 17 30 43 56 69 82 96 109 122 135 148 161 174 
5 18 31 44 57 70 83 97 110 123 136 149 162 175 
6 19 32 45 58 71 84 98 111 124 137 150 163 176 
7 20 33 46 59 72 85 99 112 125 138 151 164 177 
8 21 34 47 60 73 86 100 113 126 139 152 165 178 
9 22 35 48 61 74 87 101 114 127 140 153 166 179 
10 23 36 49 62 75 88 102 115 128 141 154 167 180 
11 24 37 50 63 76 89 103 116 129 142 155 168 181 
12 25 38 51 64 77 90 104 117 130 143 156 169 182 
0 13 26 39 52 65 78 91 105 118 131 144 157 170 
1 14 27 40 53 66 79 92 106 119 132 145 158 171 
2 15 28 41 54 67 80 93 107 120 133 146 159 172 
3 16 29 42 55 68 81 94 108 121 134 147 160 173 
4 17 30 43 56 69 82 95 109 122 135 148 161 174 
5 18 31 44 57 70 83 96 110 123 136 149 162 175 
6 19 32 45 58 71 84 97 111 124 137 150 163 176 
7 20 33 46 59 72 85 98 112 125 138 151 164 177 
8 21 34 47 60 73 86 99 113 126 139 152 165 178 
9 22 35 48 61 74 87 100 114 127 140 153 166 179 
10 23 36 49 62 75 88 101 115 128 141 154 167 180 
11 24 37 50 63 76 89 102 116 129 142 155 168 181 
12 25 38 51 64 77 90 103 117 130 143 156 169 182 
0 13 26 39 52 65 78 91 104 118 131 144 157 170 
1 14 27 40 53 66 79 92 105 119 132 145 158 171 
2 15 28 41 54 67 80 93 106 120 133 146 159 172 
3 16 29 42 55 68 81 94 107 121 134 147 160 173 
4 17 30 43 56 69 82 95 108 122 135 148 161 174 
5 18 31 44 57 70 83 96 109 123 136 149 162 175 
6 19 32 45 58 71 84 97 110 124 137 150 163 176 
7 20 33 46 59 72 85 98 111 125 138 151 164 177 
8 21 34 47 60 73 86 99 112 126 139 152 165 178 
9 22 35 48 61 74 87 100 113 127 140 153 166 179 
10 23 36 49 62 75 88 101 114 128 141 154 167 180 
11 24 37 50 63 76 89 102 115 129 142 155 168 181 
12 25 38 51 64 77 90 103 116 130 143 156 169 182 
0 13 26 39 52 65 78 91 104 117 131 144 157 170 
1 14 27 40 53 66 79 92 105 118 132 145 158 171 
2 15 28 41 54 67 80 93 106 119 133 146 159 172 
3 16 29 42 55 68 81 94 107 120 134 147 160 173 
4 17 30 43 56 69 82 95 108 121 135 148 161 174 
5 18 31 44 57 70 83 96 109 122 136 149 162 175 
6 19 32 45 58 71 84 97 110 123 137 150 163 176 
7 20 33 46 59 72 85 98 111 124 138 151 164 177 
8 21 34 47 60 73 86 99 112 125 139 152 165 178 
9 22 35 48 61 74 87 100 113 126 140 153 166 179 
10 23 36 49 62 75 88 101 114 127 141 154 167 180 
11 24 37 50 63 76 89 102 115 128 142 155 168 181 
12 25 38 51 64 77 90 103 116 129 143 156 169 182 
0 13 26 39 52 65 78 91 104 117 130 144 157 170 
1 14 27 40 53 66 79 92 105 118 131 145 158 171 
2 15 28 41 54 67 80 93 106 119 132 146 159 172 
3 16 29 42 55 68 81 94 107 120 133 147 160 173 
4 17 30 43 56 69 82 95 108 121 134 148 161 174 
5 18 31 44 57 70 83 96 109 122 135 149 162 175 
6 19 32 45 58 71 84 97 110 123 136 150 163 176 
7 20 33 46 59 72 85 98 111 124 137 151 164 177 
8 21 34 47 60 73 86 99 112 125 138 152 165 178 
9 22 35 48 61 74 87 100 113 126 139 153 166 179 
10 23 36 49 62 75 88 101 114 127 140 154 167 180 
11 24 37 50 63 76 89 102 115 128 141 155 168 181 
12 25 38 51 64 77 90 103 116 129 142 156 169 182 
0 13 26 39 52 65 78 91 104 117 130 143 157 170 
1 14 27 40 53 66 79 92 105 118 131 144 158 171 
2 15 28 41 54 67 80 93 106 119 132 145 159 172 
3 16 29 42 55 68 81 94 107 120 133 146 160 173 
4 17 30 43 56 69 82 95 108 121 134 147 161 174 
5 18 31 44 57 70 83 96 109 122 135 148 162 175 
6 19 32 45 58 71 84 97 110 123 136 149 163 176 
7 20 33 46 59 72 85 98 111 124 137 150 164 177 
8 21 34 47 60 73 86 99 112 125 138 151 165 178 
9 22 35 48 61 74 87 100 113 126 139 152 166 179 
10 23 36 49 62 75 88 101 114 127 140 153 167 180 
11 24 37 50 63 76 89 102 115 128 141 154 168 181 
12 25 38 51 64 77 90 103 116 129 142 155 169 182 
0 13 26 39 52 65 78 91 104 117 130 143 156 170 
1 14 27 40 53 66 79 92 105 118 131 144 157 171 
2 15 28 41 54 67 80 93 106 119 132 145 158 172 
3 16 29 42 55 68 81 94 107 120 133 146 159 173 
4 17 30 43 56 69 82 95 108 121 134 147 160 174 
5 18 31 44 57 70 83 96 109 122 135 148 161 175 
6 19 32 45 58 71 84 97 110 123 136 149 162 176 
7 20 33 46 59 72 85 98 111 124 137 150 163 177 
8 21 34 47 60 73 86 99 112 125 138 151 164 178 
9 22 35 48 61 74 87 100 113 126 139 152 165 179 
10 23 36 49 62 75 88 101 114 127 140 153 166 180 
11 24 37 50 63 76 89 102 115 128 141 154 167 181 
12 25 38 51 64 77 90 103 116 129 142 155 168 182 
0 13 26 39 52 65 78 91 104 117 130 143 156 169 
1 14 27 40 53 66 79 92 105 118 131 144 157 170 
2 15 28 41 54 67 80 93 106 119 132 145 158 171 
3 16 29 42 55 68 81 94 107 120 133 146 159 172 
4 17 30 43 56 69 82 95 108 121 134 147 160 173 
5 18 31 44 57 70 83 96 109 122 135 148 161 174 
6 19 32 45 58 71 84 97 110 123 136 149 162 175 
7 20 33 46 59 72 85 98 111 124 137 150 163 176 
8 21 34 47 60 73 86 99 112 125 138 151 164 177 
9 22 35 48 61 74 87 100 113 126 139 152 165 178 
10 23 36 49 62 75 88 101 114 127 140 153 166 179 
11 24 37 50 63 76 89 102 115 128 141 154 167 180 
12 25 38 51 64 77 90 103 116 129 142 155 168 181 
13 26 39 52 65 78 91 104 117 130 143 156 169 182 
