0 24 47 70 93 116 139 162 185 208 231 254 277 300 323 346 369 392 415 438 461 484 507 530 
1 25 48 71 94 117 140 163 186 209 232 255 278 301 324 347 370 393 416 439 462 485 508 531 
2 26 49 72 95 118 141 164 187 210 233 256 279 302 325 348 371 394 417 440 463 486 509 532 
3 27 50 73 96 119 142 165 188 211 234 257 280 303 326 349 372 395 418 441 464 487 510 533 
4 28 51 74 97 120 143 166 189 212 235 258 281 304 327 350 373 396 419 442 465 488 511 534 
5 29 52 75 98 121 144 167 190 213 236 259 282 305 328 351 374 397 420 443 466 489 512 535 
6 30 53 76 99 122 145 168 191 214 237 260 283 306 329 352 375 398 421 444 467 490 513 536 
7 31 54 77 100 123 146 169 192 215 238 261 284 307 330 353 376 399 422 445 468 491 514 537 
8 32 55 78 101 124 147 170 193 216 239 262 285 308 331 354 377 400 423 446 469 492 515 538 
9 33 56 79 102 125 148 171 194 217 240 263 286 309 332 355 378 401 424 447 470 493 516 539 
10 34 57 80 103 126 149 172 195 218 241 264 287 310 333 356 379 402 425 448 471 494 517 540 
11 35 58 81 104 127 150 173 196 219 242 265 288 311 334 357 380 403 426 449 472 495 518 541 
12 36 59 82 105 128 151 174 197 220 243 266 289 312 335 358 381 404 427 450 473 496 519 542 
13 37 60 83 106 129 152 175 198 221 244 267 290 313 336 359 382 405 428 451 474 497 520 543 
14 38 61 84 107 130 153 176 199 222 245 268 291 314 337 360 383 406 429 452 475 498 521 544 
15 39 62 85 108 131 154 177 200 223 246 269 292 315 338 361 384 407 430 453 476 499 522 545 
16 40 63 86 109 132 155 178 201 224 247 270 293 316 339 362 385 408 431 454 477 500 523 546 
17 41 64 87 110 133 156 179 202 225 248 271 294 317 340 363 386 409 432 455 478 501 524 547 
18 42 65 88 111 134 157 180 203 226 249 272 295 318 341 364 387 410 433 456 479 502 525 548 
19 43 66 89 112 135 158 181 204 227 250 273 296 319 342 365 388 411 434 457 480 503 526 549 
20 44 67 90 113 136 159 182 205 228 251 274 297 320 343 366 389 412 435 458 481 504 527 550 
21 45 68 91 114 137 160 183 206 229 252 275 298 321 344 367 390 413 436 459 482 505 528 551 
22 46 69 92 115 138 161 184 207 230 253 276 299 322 345 368 391 414 437 460 483 506 529 552 
0 23 47 70 93 116 139 162 185 208 231 254 277 300 323 346 369 392 415 438 461 484 507 530 
1 24 48 71 94 117 140 163 186 209 232 255 278 301 324 347 370 393 416 439 462 485 508 531 
2 25 49 72 95 118 141 164 187 210 233 256 279 302 325 348 371 394 417 440 463 486 509 532 
3 26 50 73 96 119 142 165 188 211 234 257 280 303 326 349 372 395 418 441 464 487 510 533 
4 27 51 74 97 120 143 166 189 212 235 258 281 304 327 350 373 396 419 442 465 488 511 534 
5 28 52 75 98 121 144 167 190 213 236 259 282 305 328 351 374 397 420 443 466 489 512 535 
6 29 53 76 99 122 145 168 191 214 237 260 283 306 329 352 375 398 421 444 467 490 513 536 
7 30 54 77 100 123 146 169 192 215 238 261 284 307 330 353 376 399 422 445 468 491 514 537 
8 31 55 78 101 124 147 170 193 216 239 262 285 308 331 354 377 400 423 446 469 492 515 538 
9 32 56 79 102 125 148 171 194 217 240 263 286 309 332 355 378 401 424 447 470 493 516 539 
10 33 57 80 103 126 149 172 195 218 241 264 287 310 333 356 379 402 425 448 471 494 517 540 
11 34 58 81 104 127 150 173 196 219 242 265 288 311 334 357 380 403 426 449 472 495 518 541 
12 35 59 82 105 128 151 174 197 220 243 266 289 312 335 358 381 404 427 450 473 496 519 542 
13 36 60 83 106 129 152 175 198 221 244 267 290 313 336 359 382 405 428 451 474 497 520 543 
14 37 61 84 107 130 153 176 199 222 245 268 291 314 337 360 383 406 429 452 475 498 521 544 
15 38 62 85 108 131 154 177 200 223 246 269 292 315 338 361 384 407 430 453 476 499 522 545 
16 39 63 86 109 132 155 178 201 224 247 270 293 316 339 362 385 408 431 454 477 500 523 546 
17 40 64 87 110 133 156 179 202 225 248 271 294 317 340 363 386 409 432 455 478 501 524 547 
18 41 65 88 111 134 157 180 203 226 249 272 295 318 341 364 387 410 433 456 479 502 525 548 
19 42 66 89 112 135 158 181 204 227 250 273 296 319 342 365 388 411 434 457 480 503 526 549 
20 43 67 90 113 136 159 182 205 228 251 274 297 320 343 366 389 412 435 458 481 504 527 550 
21 44 68 91 114 137 160 183 206 229 252 275 298 321 344 367 390 413 436 459 482 505 528 551 
22 45 69 92 115 138 161 184 207 230 253 276 299 322 345 368 391 414 437 460 483 506 529 552 
0 23 46 70 93 116 139 162 185 208 231 254 277 300 323 346 369 392 415 438 461 484 507 530 
1 24 47 71 94 117 140 163 186 209 232 255 278 301 324 347 370 393 416 439 462 485 508 531 
2 25 48 72 95 118 141 164 187 210 233 256 279 302 325 348 371 394 417 440 463 486 509 532 
3 26 49 73 96 119 142 165 188 211 234 257 280 303 326 349 372 395 418 441 464 487 510 533 
4 27 50 74 97 120 143 166 189 212 235 258 281 304 327 350 373 396 419 442 465 488 511 534 
5 28 51 75 98 121 144 167 190 213 236 259 282 305 328 351 374 397 420 443 466 489 512 535 
6 29 52 76 99 122 145 168 191 214 237 260 283 306 329 352 375 398 421 444 467 490 513 536 
7 30 53 77 100 123 146 169 192 215 238 261 284 307 330 353 376 399 422 445 468 491 514 537 
8 31 54 78 101 124 147 170 193 216 239 262 285 308 331 354 377 400 423 446 469 492 515 538 
9 32 55 79 102 125 148 171 194 217 240 263 286 309 332 355 378 401 424 447 470 493 516 539 
10 33 56 80 103 126 149 172 195 218 241 264 287 310 333 356 379 402 425 448 471 494 517 540 
11 34 57 81 104 127 150 173 196 219 242 265 288 311 334 357 380 403 426 449 472 495 518 541 
12 35 58 82 105 128 151 174 197 220 243 266 289 312 335 358 381 404 427 450 473 496 519 542 
13 36 59 83 106 129 152 175 198 221 244 267 290 313 336 359 382 405 428 451 474 497 520 543 
14 37 60 84 107 130 153 176 199 222 245 268 291 314 337 360 383 406 429 452 475 498 521 544 
15 38 61 85 108 131 154 177 200 223 246 269 292 315 338 361 384 407 430 453 476 499 522 545 
16 39 62 86 109 132 155 178 201 224 247 270 293 316 339 362 385 408 431 454 477 500 523 546 
17 40 63 87 110 133 156 179 202 225 248 271 294 317 340 363 386 409 432 455 478 501 524 547 
18 41 64 88 111 134 157 180 203 226 249 272 295 318 341 364 387 410 433 456 479 502 525 548 
19 42 65 89 112 135 158 181 204 227 250 273 296 319 342 365 388 411 434 457 480 503 526 549 
20 43 66 90 113 136 159 182 205 228 251 274 297 320 343 366 389 412 435 458 481 504 527 550 
21 44 67 91 114 137 160 183 206 229 252 275 298 321 344 367 390 413 436 459 482 505 528 551 
22 45 68 92 115 138 161 184 207 230 253 276 299 322 345 368 391 414 437 460 483 506 529 552 
0 23 46 69 93 116 139 162 185 208 231 254 277 300 323 346 369 392 415 438 461 484 507 530 
1 24 47 70 94 117 140 163 186 209 232 255 278 301 324 347 370 393 416 439 462 485 508 531 
2 25 48 71 95 118 141 164 187 210 233 256 279 302 325 348 371 394 417 440 463 486 509 532 
3 26 49 72 96 119 142 165 188 211 234 257 280 303 326 349 372 395 418 441 464 487 510 533 
4 27 50 73 97 120 143 166 189 212 235 258 281 304 327 350 373 396 419 442 465 488 511 534 
5 28 51 74 98 121 144 167 190 213 236 259 282 305 328 351 374 397 420 443 466 489 512 535 
6 29 52 75 99 122 145 168 191 214 237 260 283 306 329 352 375 398 421 444 467 490 513 536 
7 30 53 76 100 123 146 169 192 215 238 261 284 307 330 353 376 399 422 445 468 491 514 537 
8 31 54 77 101 124 147 170 193 216 239 262 285 308 331 354 377 400 423 446 469 492 515 538 
9 32 55 78 102 125 148 171 194 217 240 263 286 309 332 355 378 401 424 447 470 493 516 539 
10 33 56 79 103 126 149 172 195 218 241 264 287 310 333 356 379 402 425 448 471 494 517 540 
11 34 57 80 104 127 150 173 196 219 242 265 288 311 334 357 380 403 426 449 472 495 518 541 
12 35 58 81 105 128 151 174 197 220 243 266 289 312 335 358 381 404 427 450 473 496 519 542 
13 36 59 82 106 129 152 175 198 221 244 267 290 313 336 359 382 405 428 451 474 497 520 543 
14 37 60 83 107 130 153 176 199 222 245 268 291 314 337 360 383 406 429 452 475 498 521 544 
15 38 61 84 108 131 154 177 200 223 246 269 292 315 338 361 384 407 430 453 476 499 522 545 
16 39 62 85 109 132 155 178 201 224 247 270 293 316 339 362 385 408 431 454 477 500 523 546 
17 40 63 86 110 133 156 179 202 225 248 271 294 317 340 363 386 409 432 455 478 501 524 547 
18 41 64 87 111 134 157 180 203 226 249 272 295 318 341 364 387 410 433 456 479 502 525 548 
19 42 65 88 112 135 158 181 204 227 250 273 296 319 342 365 388 411 434 457 480 503 526 549 
20 43 66 89 113 136 159 182 205 228 251 274 297 320 343 366 389 412 435 458 481 504 527 550 
21 44 67 90 114 137 160 183 206 229 252 275 298 321 344 367 390 413 436 459 482 505 528 551 
22 45 68 91 115 138 161 184 207 230 253 276 299 322 345 368 391 414 437 460 483 506 529 552 
0 23 46 69 92 116 139 162 185 208 231 254 277 300 323 346 369 392 415 438 461 484 507 530 
1 24 47 70 93 117 140 163 186 209 232 255 278 301 324 347 370 393 416 439 462 485 508 531 
2 25 48 71 94 118 141 164 187 210 233 256 279 302 325 348 371 394 417 440 463 486 509 532 
3 26 49 72 95 119 142 165 188 211 234 257 280 303 326 349 372 395 418 441 464 487 510 533 
4 27 50 73 96 120 143 166 189 212 235 258 281 304 327 350 373 396 419 442 465 488 511 534 
5 28 51 74 97 121 144 167 190 213 236 259 282 305 328 351 374 397 420 443 466 489 512 535 
6 29 52 75 98 122 145 168 191 214 237 260 283 306 329 352 375 398 421 444 467 490 513 536 
7 30 53 76 99 123 146 169 192 215 238 261 284 307 330 353 376 399 422 445 468 491 514 537 
8 31 54 77 100 124 147 170 193 216 239 262 285 308 331 354 377 400 423 446 469 492 515 538 
9 32 55 78 101 125 148 171 194 217 240 263 286 309 332 355 378 401 424 447 470 493 516 539 
10 33 56 79 102 126 149 172 195 218 241 264 287 310 333 356 379 402 425 448 471 494 517 540 
11 34 57 80 103 127 150 173 196 219 242 265 288 311 334 357 380 403 426 449 472 495 518 541 
12 35 58 81 104 128 151 174 197 220 243 266 289 312 335 358 381 404 427 450 473 496 519 542 
13 36 59 82 105 129 152 175 198 221 244 267 290 313 336 359 382 405 428 451 474 497 520 543 
14 37 60 83 106 130 153 176 199 222 245 268 291 314 337 360 383 406 429 452 475 498 521 544 
15 38 61 84 107 131 154 177 200 223 246 269 292 315 338 361 384 407 430 453 476 499 522 545 
16 39 62 85 108 132 155 178 201 224 247 270 293 316 339 362 385 408 431 454 477 500 523 546 
17 40 63 86 109 133 156 179 202 225 248 271 294 317 340 363 386 409 432 455 478 501 524 547 
18 41 64 87 110 134 157 180 203 226 249 272 295 318 341 364 387 410 433 456 479 502 525 548 
19 42 65 88 111 135 158 181 204 227 250 273 296 319 342 365 388 411 434 457 480 503 526 549 
20 43 66 89 112 136 159 182 205 228 251 274 297 320 343 366 389 412 435 458 481 504 527 550 
21 44 67 90 113 137 160 183 206 229 252 275 298 321 344 367 390 413 436 459 482 505 528 551 
22 45 68 91 114 138 161 184 207 230 253 276 299 322 345 368 391 414 437 460 483 506 529 552 
0 23 46 69 92 115 139 162 185 208 231 254 277 300 323 346 369 392 415 438 461 484 507 530 
1 24 47 70 93 116 140 163 186 209 232 255 278 301 324 347 370 393 416 439 462 485 508 531 
2 25 48 71 94 117 141 164 187 210 233 256 279 302 325 348 371 394 417 440 463 486 509 532 
3 26 49 72 95 118 142 165 188 211 234 257 280 303 326 349 372 395 418 441 464 487 510 533 
4 27 50 73 96 119 143 166 189 212 235 258 281 304 327 350 373 396 419 442 465 488 511 534 
5 28 51 74 97 120 144 167 190 213 236 259 282 305 328 351 374 397 420 443 466 489 512 535 
6 29 52 75 98 121 145 168 191 214 237 260 283 306 329 352 375 398 421 444 467 490 513 536 
7 30 53 76 99 122 146 169 192 215 238 261 284 307 330 353 376 399 422 445 468 491 514 537 
8 31 54 77 100 123 147 170 193 216 239 262 285 308 331 354 377 400 423 446 469 492 515 538 
9 32 55 78 101 124 148 171 194 217 240 263 286 309 332 355 378 401 424 447 470 493 516 539 
10 33 56 79 102 125 149 172 195 218 241 264 287 310 333 356 379 402 425 448 471 494 517 540 
11 34 57 80 103 126 150 173 196 219 242 265 288 311 334 357 380 403 426 449 472 495 518 541 
12 35 58 81 104 127 151 174 197 220 243 266 289 312 335 358 381 404 427 450 473 496 519 542 
13 36 59 82 105 128 152 175 198 221 244 267 290 313 336 359 382 405 428 451 474 497 520 543 
14 37 60 83 106 129 153 176 199 222 245 268 291 314 337 360 383 406 429 452 475 498 521 544 
15 38 61 84 107 130 154 177 200 223 246 269 292 315 338 361 384 407 430 453 476 499 522 545 
16 39 62 85 108 131 155 178 201 224 247 270 293 316 339 362 385 408 431 454 477 500 523 546 
17 40 63 86 109 132 156 179 202 225 248 271 294 317 340 363 386 409 432 455 478 501 524 547 
18 41 64 87 110 133 157 180 203 226 249 272 295 318 341 364 387 410 433 456 479 502 525 548 
19 42 65 88 111 134 158 181 204 227 250 273 296 319 342 365 388 411 434 457 480 503 526 549 
20 43 66 89 112 135 159 182 205 228 251 274 297 320 343 366 389 412 435 458 481 504 527 550 
21 44 67 90 113 136 160 183 206 229 252 275 298 321 344 367 390 413 436 459 482 505 528 551 
22 45 68 91 114 137 161 184 207 230 253 276 299 322 345 368 391 414 437 460 483 506 529 552 
0 23 46 69 92 115 138 162 185 208 231 254 277 300 323 346 369 392 415 438 461 484 507 530 
1 24 47 70 93 116 139 163 186 209 232 255 278 301 324 347 370 393 416 439 462 485 508 531 
2 25 48 71 94 117 140 164 187 210 233 256 279 302 325 348 371 394 417 440 463 486 509 532 
3 26 49 72 95 118 141 165 188 211 234 257 280 303 326 349 372 395 418 441 464 487 510 533 
4 27 50 73 96 119 142 166 189 212 235 258 281 304 327 350 373 396 419 442 465 488 511 534 
5 28 51 74 97 120 143 167 190 213 236 259 282 305 328 351 374 397 420 443 466 489 512 535 
6 29 52 75 98 121 144 168 191 214 237 260 283 306 329 352 375 398 421 444 467 490 513 536 
7 30 53 76 99 122 145 169 192 215 238 261 284 307 330 353 376 399 422 445 468 491 514 537 
8 31 54 77 100 123 146 170 193 216 239 262 285 308 331 354 377 400 423 446 469 492 515 538 
9 32 55 78 101 124 147 171 194 217 240 263 286 309 332 355 378 401 424 447 470 493 516 539 
10 33 56 79 102 125 148 172 195 218 241 264 287 310 333 356 379 402 425 448 471 494 517 540 
11 34 57 80 103 126 149 173 196 219 242 265 288 311 334 357 380 403 426 449 472 495 518 541 
12 35 58 81 104 127 150 174 197 220 243 266 289 312 335 358 381 404 427 450 473 496 519 542 
13 36 59 82 105 128 151 175 198 221 244 267 290 313 336 359 382 405 428 451 474 497 520 543 
14 37 60 83 106 129 152 176 199 222 245 268 291 314 337 360 383 406 429 452 475 498 521 544 
15 38 61 84 107 130 153 177 200 223 246 269 292 315 338 361 384 407 430 453 476 499 522 545 
16 39 62 85 108 131 154 178 201 224 247 270 293 316 339 362 385 408 431 454 477 500 523 546 
17 40 63 86 109 132 155 179 202 225 248 271 294 317 340 363 386 409 432 455 478 501 524 547 
18 41 64 87 110 133 156 180 203 226 249 272 295 318 341 364 387 410 433 456 479 502 525 548 
19 42 65 88 111 134 157 181 204 227 250 273 296 319 342 365 388 411 434 457 480 503 526 549 
20 43 66 89 112 135 158 182 205 228 251 274 297 320 343 366 389 412 435 458 481 504 527 550 
21 44 67 90 113 136 159 183 206 229 252 275 298 321 344 367 390 413 436 459 482 505 528 551 
22 45 68 91 114 137 160 184 207 230 253 276 299 322 345 368 391 414 437 460 483 506 529 552 
0 23 46 69 92 115 138 161 185 208 231 254 277 300 323 346 369 392 415 438 461 484 507 530 
1 24 47 70 93 116 139 162 186 209 232 255 278 301 324 347 370 393 416 439 462 485 508 531 
2 25 48 71 94 117 140 163 187 210 233 256 279 302 325 348 371 394 417 440 463 486 509 532 
3 26 49 72 95 118 141 164 188 211 234 257 280 303 326 349 372 395 418 441 464 487 510 533 
4 27 50 73 96 119 142 165 189 212 235 258 281 304 327 350 373 396 419 442 465 488 511 534 
5 28 51 74 97 120 143 166 190 213 236 259 282 305 328 351 374 397 420 443 466 489 512 535 
6 29 52 75 98 121 144 167 191 214 237 260 283 306 329 352 375 398 421 444 467 490 513 536 
7 30 53 76 99 122 145 168 192 215 238 261 284 307 330 353 376 399 422 445 468 491 514 537 
8 31 54 77 100 123 146 169 193 216 239 262 285 308 331 354 377 400 423 446 469 492 515 538 
9 32 55 78 101 124 147 170 194 217 240 263 286 309 332 355 378 401 424 447 470 493 516 539 
10 33 56 79 102 125 148 171 195 218 241 264 287 310 333 356 379 402 425 448 471 494 517 540 
11 34 57 80 103 126 149 172 196 219 242 265 288 311 334 357 380 403 426 449 472 495 518 541 
12 35 58 81 104 127 150 173 197 220 243 266 289 312 335 358 381 404 427 450 473 496 519 542 
13 36 59 82 105 128 151 174 198 221 244 267 290 313 336 359 382 405 428 451 474 497 520 543 
14 37 60 83 106 129 152 175 199 222 245 268 291 314 337 360 383 406 429 452 475 498 521 544 
15 38 61 84 107 130 153 176 200 223 246 269 292 315 338 361 384 407 430 453 476 499 522 545 
16 39 62 85 108 131 154 177 201 224 247 270 293 316 339 362 385 408 431 454 477 500 523 546 
17 40 63 86 109 132 155 178 202 225 248 271 294 317 340 363 386 409 432 455 478 501 524 547 
18 41 64 87 110 133 156 179 203 226 249 272 295 318 341 364 387 410 433 456 479 502 525 548 
19 42 65 88 111 134 157 180 204 227 250 273 296 319 342 365 388 411 434 457 480 503 526 549 
20 43 66 89 112 135 158 181 205 228 251 274 297 320 343 366 389 412 435 458 481 504 527 550 
21 44 67 90 113 136 159 182 206 229 252 275 298 321 344 367 390 413 436 459 482 505 528 551 
22 45 68 91 114 137 160 183 207 230 253 276 299 322 345 368 391 414 437 460 483 506 529 552 
0 23 46 69 92 115 138 161 184 208 231 254 277 300 323 346 369 392 415 438 461 484 507 530 
1 24 47 70 93 116 139 162 185 209 232 255 278 301 324 347 370 393 416 439 462 485 508 531 
2 25 48 71 94 117 140 163 186 210 233 256 279 302 325 348 371 394 417 440 463 486 509 532 
3 26 49 72 95 118 141 164 187 211 234 257 280 303 326 349 372 395 418 441 464 487 510 533 
4 27 50 73 96 119 142 165 188 212 235 258 281 304 327 350 373 396 419 442 465 488 511 534 
5 28 51 74 97 120 143 166 189 213 236 259 282 305 328 351 374 397 420 443 466 489 512 535 
6 29 52 75 98 121 144 167 190 214 237 260 283 306 329 352 375 398 421 444 467 490 513 536 
7 30 53 76 99 122 145 168 191 215 238 261 284 307 330 353 376 399 422 445 468 491 514 537 
8 31 54 77 100 123 146 169 192 216 239 262 285 308 331 354 377 400 423 446 469 492 515 538 
9 32 55 78 101 124 147 170 193 217 240 263 286 309 332 355 378 401 424 447 470 493 516 539 
10 33 56 79 102 125 148 171 194 218 241 264 287 310 333 356 379 402 425 448 471 494 517 540 
11 34 57 80 103 126 149 172 195 219 242 265 288 311 334 357 380 403 426 449 472 495 518 541 
12 35 58 81 104 127 150 173 196 220 243 266 289 312 335 358 381 404 427 450 473 496 519 542 
13 36 59 82 105 128 151 174 197 221 244 267 290 313 336 359 382 405 428 451 474 497 520 543 
14 37 60 83 106 129 152 175 198 222 245 268 291 314 337 360 383 406 429 452 475 498 521 544 
15 38 61 84 107 130 153 176 199 223 246 269 292 315 338 361 384 407 430 453 476 499 522 545 
16 39 62 85 108 131 154 177 200 224 247 270 293 316 339 362 385 408 431 454 477 500 523 546 
17 40 63 86 109 132 155 178 201 225 248 271 294 317 340 363 386 409 432 455 478 501 524 547 
18 41 64 87 110 133 156 179 202 226 249 272 295 318 341 364 387 410 433 456 479 502 525 548 
19 42 65 88 111 134 157 180 203 227 250 273 296 319 342 365 388 411 434 457 480 503 526 549 
20 43 66 89 112 135 158 181 204 228 251 274 297 320 343 366 389 412 435 458 481 504 527 550 
21 44 67 90 113 136 159 182 205 229 252 275 298 321 344 367 390 413 436 459 482 505 528 551 
22 45 68 91 114 137 160 183 206 230 253 276 299 322 345 368 391 414 437 460 483 506 529 552 
0 23 46 69 92 115 138 161 184 207 231 254 277 300 323 346 369 392 415 438 461 484 507 530 
1 24 47 70 93 116 139 162 185 208 232 255 278 301 324 347 370 393 416 439 462 485 508 531 
2 25 48 71 94 117 140 163 186 209 233 256 279 302 325 348 371 394 417 440 463 486 509 532 
3 26 49 72 95 118 141 164 187 210 234 257 280 303 326 349 372 395 418 441 464 487 510 533 
4 27 50 73 96 119 142 165 188 211 235 258 281 304 327 350 373 396 419 442 465 488 511 534 
5 28 51 74 97 120 143 166 189 212 236 259 282 305 328 351 374 397 420 443 466 489 512 535 
6 29 52 75 98 121 144 167 190 213 237 260 283 306 329 352 375 398 421 444 467 490 513 536 
7 30 53 76 99 122 145 168 191 214 238 261 284 307 330 353 376 399 422 445 468 491 514 537 
8 31 54 77 100 123 146 169 192 215 239 262 285 308 331 354 377 400 423 446 469 492 515 538 
9 32 55 78 101 124 147 170 193 216 240 263 286 309 332 355 378 401 424 447 470 493 516 539 
10 33 56 79 102 125 148 171 194 217 241 264 287 310 333 356 379 402 425 448 471 494 517 540 
11 34 57 80 103 126 149 172 195 218 242 265 288 311 334 357 380 403 426 449 472 495 518 541 
12 35 58 81 104 127 150 173 196 219 243 266 289 312 335 358 381 404 427 450 473 496 519 542 
13 36 59 82 105 128 151 174 197 220 244 267 290 313 336 359 382 405 428 451 474 497 520 543 
14 37 60 83 106 129 152 175 198 221 245 268 291 314 337 360 383 406 429 452 475 498 521 544 
15 38 61 84 107 130 153 176 199 222 246 269 292 315 338 361 384 407 430 453 476 499 522 545 
16 39 62 85 108 131 154 177 200 223 247 270 293 316 339 362 385 408 431 454 477 500 523 546 
17 40 63 86 109 132 155 178 201 224 248 271 294 317 340 363 386 409 432 455 478 501 524 547 
18 41 64 87 110 133 156 179 202 225 249 272 295 318 341 364 387 410 433 456 479 502 525 548 
19 42 65 88 111 134 157 180 203 226 250 273 296 319 342 365 388 411 434 457 480 503 526 549 
20 43 66 89 112 135 158 181 204 227 251 274 297 320 343 366 389 412 435 458 481 504 527 550 
21 44 67 90 113 136 159 182 205 228 252 275 298 321 344 367 390 413 436 459 482 505 528 551 
22 45 68 91 114 137 160 183 206 229 253 276 299 322 345 368 391 414 437 460 483 506 529 552 
0 23 46 69 92 115 138 161 184 207 230 254 277 300 323 346 369 392 415 438 461 484 507 530 
1 24 47 70 93 116 139 162 185 208 231 255 278 301 324 347 370 393 416 439 462 485 508 531 
2 25 48 71 94 117 140 163 186 209 232 256 279 302 325 348 371 394 417 440 463 486 509 532 
3 26 49 72 95 118 141 164 187 210 233 257 280 303 326 349 372 395 418 441 464 487 510 533 
4 27 50 73 96 119 142 165 188 211 234 258 281 304 327 350 373 396 419 442 465 488 511 534 
5 28 51 74 97 120 143 166 189 212 235 259 282 305 328 351 374 397 420 443 466 489 512 535 
6 29 52 75 98 121 144 167 190 213 236 260 283 306 329 352 375 398 421 444 467 490 513 536 
7 30 53 76 99 122 145 168 191 214 237 261 284 307 330 353 376 399 422 445 468 491 514 537 
8 31 54 77 100 123 146 169 192 215 238 262 285 308 331 354 377 400 423 446 469 492 515 538 
9 32 55 78 101 124 147 170 193 216 239 263 286 309 332 355 378 401 424 447 470 493 516 539 
10 33 56 79 102 125 148 171 194 217 240 264 287 310 333 356 379 402 425 448 471 494 517 540 
11 34 57 80 103 126 149 172 195 218 241 265 288 311 334 357 380 403 426 449 472 495 518 541 
12 35 58 81 104 127 150 173 196 219 242 266 289 312 335 358 381 404 427 450 473 496 519 542 
13 36 59 82 105 128 151 174 197 220 243 267 290 313 336 359 382 405 428 451 474 497 520 543 
14 37 60 83 106 129 152 175 198 221 244 268 291 314 337 360 383 406 429 452 475 498 521 544 
15 38 61 84 107 130 153 176 199 222 245 269 292 315 338 361 384 407 430 453 476 499 522 545 
16 39 62 85 108 131 154 177 200 223 246 270 293 316 339 362 385 408 431 454 477 500 523 546 
17 40 63 86 109 132 155 178 201 224 247 271 294 317 340 363 386 409 432 455 478 501 524 547 
18 41 64 87 110 133 156 179 202 225 248 272 295 318 341 364 387 410 433 456 479 502 525 548 
19 42 65 88 111 134 157 180 203 226 249 273 296 319 342 365 388 411 434 457 480 503 526 549 
20 43 66 89 112 135 158 181 204 227 250 274 297 320 343 366 389 412 435 458 481 504 527 550 
21 44 67 90 113 136 159 182 205 228 251 275 298 321 344 367 390 413 436 459 482 505 528 551 
22 45 68 91 114 137 160 183 206 229 252 276 299 322 345 368 391 414 437 460 483 506 529 552 
0 23 46 69 92 115 138 161 184 207 230 253 277 300 323 346 369 392 415 438 461 484 507 530 
1 24 47 70 93 116 139 162 185 208 231 254 278 301 324 347 370 393 416 439 462 485 508 531 
2 25 48 71 94 117 140 163 186 209 232 255 279 302 325 348 371 394 417 440 463 486 509 532 
3 26 49 72 95 118 141 164 187 210 233 256 280 303 326 349 372 395 418 441 464 487 510 533 
4 27 50 73 96 119 142 165 188 211 234 257 281 304 327 350 373 396 419 442 465 488 511 534 
5 28 51 74 97 120 143 166 189 212 235 258 282 305 328 351 374 397 420 443 466 489 512 535 
6 29 52 75 98 121 144 167 190 213 236 259 283 306 329 352 375 398 421 444 467 490 513 536 
7 30 53 76 99 122 145 168 191 214 237 260 284 307 330 353 376 399 422 445 468 491 514 537 
8 31 54 77 100 123 146 169 192 215 238 261 285 308 331 354 377 400 423 446 469 492 515 538 
9 32 55 78 101 124 147 170 193 216 239 262 286 309 332 355 378 401 424 447 470 493 516 539 
10 33 56 79 102 125 148 171 194 217 240 263 287 310 333 356 379 402 425 448 471 494 517 540 
11 34 57 80 103 126 149 172 195 218 241 264 288 311 334 357 380 403 426 449 472 495 518 541 
12 35 58 81 104 127 150 173 196 219 242 265 289 312 335 358 381 404 427 450 473 496 519 542 
13 36 59 82 105 128 151 174 197 220 243 266 290 313 336 359 382 405 428 451 474 497 520 543 
14 37 60 83 106 129 152 175 198 221 244 267 291 314 337 360 383 406 429 452 475 498 521 544 
15 38 61 84 107 130 153 176 199 222 245 268 292 315 338 361 384 407 430 453 476 499 522 545 
16 39 62 85 108 131 154 177 200 223 246 269 293 316 339 362 385 408 431 454 477 500 523 546 
17 40 63 86 109 132 155 178 201 224 247 270 294 317 340 363 386 409 432 455 478 501 524 547 
18 41 64 87 110 133 156 179 202 225 248 271 295 318 341 364 387 410 433 456 479 502 525 548 
19 42 65 88 111 134 157 180 203 226 249 272 296 319 342 365 388 411 434 457 480 503 526 549 
20 43 66 89 112 135 158 181 204 227 250 273 297 320 343 366 389 412 435 458 481 504 527 550 
21 44 67 90 113 136 159 182 205 228 251 274 298 321 344 367 390 413 436 459 482 505 528 551 
22 45 68 91 114 137 160 183 206 229 252 275 299 322 345 368 391 414 437 460 483 506 529 552 
0 23 46 69 92 115 138 161 184 207 230 253 276 300 323 346 369 392 415 438 461 484 507 530 
1 24 47 70 93 116 139 162 185 208 231 254 277 301 324 347 370 393 416 439 462 485 508 531 
2 25 48 71 94 117 140 163 186 209 232 255 278 302 325 348 371 394 417 440 463 486 509 532 
3 26 49 72 95 118 141 164 187 210 233 256 279 303 326 349 372 395 418 441 464 487 510 533 
4 27 50 73 96 119 142 165 188 211 234 257 280 304 327 350 373 396 419 442 465 488 511 534 
5 28 51 74 97 120 143 166 189 212 235 258 281 305 328 351 374 397 420 443 466 489 512 535 
6 29 52 75 98 121 144 167 190 213 236 259 282 306 329 352 375 398 421 444 467 490 513 536 
7 30 53 76 99 122 145 168 191 214 237 260 283 307 330 353 376 399 422 445 468 491 514 537 
8 31 54 77 100 123 146 169 192 215 238 261 284 308 331 354 377 400 423 446 469 492 515 538 
9 32 55 78 101 124 147 170 193 216 239 262 285 309 332 355 378 401 424 447 470 493 516 539 
10 33 56 79 102 125 148 171 194 217 240 263 286 310 333 356 379 402 425 448 471 494 517 540 
11 34 57 80 103 126 149 172 195 218 241 264 287 311 334 357 380 403 426 449 472 495 518 541 
12 35 58 81 104 127 150 173 196 219 242 265 288 312 335 358 381 404 427 450 473 496 519 542 
13 36 59 82 105 128 151 174 197 220 243 266 289 313 336 359 382 405 428 451 474 497 520 543 
14 37 60 83 106 129 152 175 198 221 244 267 290 314 337 360 383 406 429 452 475 498 521 544 
15 38 61 84 107 130 153 176 199 222 245 268 291 315 338 361 384 407 430 453 476 499 522 545 
16 39 62 85 108 131 154 177 200 223 246 269 292 316 339 362 385 408 431 454 477 500 523 546 
17 40 63 86 109 132 155 178 201 224 247 270 293 317 340 363 386 409 432 455 478 501 524 547 
18 41 64 87 110 133 156 179 202 225 248 271 294 318 341 364 387 410 433 456 479 502 525 548 
19 42 65 88 111 134 157 180 203 226 249 272 295 319 342 365 388 411 434 457 480 503 526 549 
20 43 66 89 112 135 158 181 204 227 250 273 296 320 343 366 389 412 435 458 481 504 527 550 
21 44 67 90 113 136 159 182 205 228 251 274 297 321 344 367 390 413 436 459 482 505 528 551 
22 45 68 91 114 137 160 183 206 229 252 275 298 322 345 368 391 414 437 460 483 506 529 552 
0 23 46 69 92 115 138 161 184 207 230 253 276 299 323 346 369 392 415 438 461 484 507 530 
1 24 47 70 93 116 139 162 185 208 231 254 277 300 324 347 370 393 416 439 462 485 508 531 
2 25 48 71 94 117 140 163 186 209 232 255 278 301 325 348 371 394 417 440 463 486 509 532 
3 26 49 72 95 118 141 164 187 210 233 256 279 302 326 349 372 395 418 441 464 487 510 533 
4 27 50 73 96 119 142 165 188 211 234 257 280 303 327 350 373 396 419 442 465 488 511 534 
5 28 51 74 97 120 143 166 189 212 235 258 281 304 328 351 374 397 420 443 466 489 512 535 
6 29 52 75 98 121 144 167 190 213 236 259 282 305 329 352 375 398 421 444 467 490 513 536 
7 30 53 76 99 122 145 168 191 214 237 260 283 306 330 353 376 399 422 445 468 491 514 537 
8 31 54 77 100 123 146 169 192 215 238 261 284 307 331 354 377 400 423 446 469 492 515 538 
9 32 55 78 101 124 147 170 193 216 239 262 285 308 332 355 378 401 424 447 470 493 516 539 
10 33 56 79 102 125 148 171 194 217 240 263 286 309 333 356 379 402 425 448 471 494 517 540 
11 34 57 80 103 126 149 172 195 218 241 264 287 310 334 357 380 403 426 449 472 495 518 541 
12 35 58 81 104 127 150 173 196 219 242 265 288 311 335 358 381 404 427 450 473 496 519 542 
13 36 59 82 105 128 151 174 197 220 243 266 289 312 336 359 382 405 428 451 474 497 520 543 
14 37 60 83 106 129 152 175 198 221 244 267 290 313 337 360 383 406 429 452 475 498 521 544 
15 38 61 84 107 130 153 176 199 222 245 268 291 314 338 361 384 407 430 453 476 499 522 545 
16 39 62 85 108 131 154 177 200 223 246 269 292 315 339 362 385 408 431 454 477 500 523 546 
17 40 63 86 109 132 155 178 201 224 247 270 293 316 340 363 386 409 432 455 478 501 524 547 
18 41 64 87 110 133 156 179 202 225 248 271 294 317 341 364 387 410 433 456 479 502 525 548 
19 42 65 88 111 134 157 180 203 226 249 272 295 318 342 365 388 411 434 457 480 503 526 549 
20 43 66 89 112 135 158 181 204 227 250 273 296 319 343 366 389 412 435 458 481 504 527 550 
21 44 67 90 113 136 159 182 205 228 251 274 297 320 344 367 390 413 436 459 482 505 528 551 
22 45 68 91 114 137 160 183 206 229 252 275 298 321 345 368 391 414 437 460 483 506 529 552 
0 23 46 69 92 115 138 161 184 207 230 253 276 299 322 346 369 392 415 438 461 484 507 530 
1 24 47 70 93 116 139 162 185 208 231 254 277 300 323 347 370 393 416 439 462 485 508 531 
2 25 48 71 94 117 140 163 186 209 232 255 278 301 324 348 371 394 417 440 463 486 509 532 
3 26 49 72 95 118 141 164 187 210 233 256 279 302 325 349 372 395 418 441 464 487 510 533 
4 27 50 73 96 119 142 165 188 211 234 257 280 303 326 350 373 396 419 442 465 488 511 534 
5 28 51 74 97 120 143 166 189 212 235 258 281 304 327 351 374 397 420 443 466 489 512 535 
6 29 52 75 98 121 144 167 190 213 236 259 282 305 328 352 375 398 421 444 467 490 513 536 
7 30 53 76 99 122 145 168 191 214 237 260 283 306 329 353 376 399 422 445 468 491 514 537 
8 31 54 77 100 123 146 169 192 215 238 261 284 307 330 354 377 400 423 446 469 492 515 538 
9 32 55 78 101 124 147 170 193 216 239 262 285 308 331 355 378 401 424 447 470 493 516 539 
10 33 56 79 102 125 148 171 194 217 240 263 286 309 332 356 379 402 425 448 471 494 517 540 
11 34 57 80 103 126 149 172 195 218 241 264 287 310 333 357 380 403 426 449 472 495 518 541 
12 35 58 81 104 127 150 173 196 219 242 265 288 311 334 358 381 404 427 450 473 496 519 542 
13 36 59 82 105 128 151 174 197 220 243 266 289 312 335 359 382 405 428 451 474 497 520 543 
14 37 60 83 106 129 152 175 198 221 244 267 290 313 336 360 383 406 429 452 475 498 521 544 
15 38 61 84 107 130 153 176 199 222 245 268 291 314 337 361 384 407 430 453 476 499 522 545 
16 39 62 85 108 131 154 177 200 223 246 269 292 315 338 362 385 408 431 454 477 500 523 546 
17 40 63 86 109 132 155 178 201 224 247 270 293 316 339 363 386 409 432 455 478 501 524 547 
18 41 64 87 110 133 156 179 202 225 248 271 294 317 340 364 387 410 433 456 479 502 525 548 
19 42 65 88 111 134 157 180 203 226 249 272 295 318 341 365 388 411 434 457 480 503 526 549 
20 43 66 89 112 135 158 181 204 227 250 273 296 319 342 366 389 412 435 458 481 504 527 550 
21 44 67 90 113 136 159 182 205 228 251 274 297 320 343 367 390 413 436 459 482 505 528 551 
22 45 68 91 114 137 160 183 206 229 252 275 298 321 344 368 391 414 437 460 483 506 529 552 
0 23 46 69 92 115 138 161 184 207 230 253 276 299 322 345 369 392 415 438 461 484 507 530 
1 24 47 70 93 116 139 162 185 208 231 254 277 300 323 346 370 393 416 439 462 485 508 531 
2 25 48 71 94 117 140 163 186 209 232 255 278 301 324 347 371 394 417 440 463 486 509 532 
3 26 49 72 95 118 141 164 187 210 233 256 279 302 325 348 372 395 418 441 464 487 510 533 
4 27 50 73 96 119 142 165 188 211 234 257 280 303 326 349 373 396 419 442 465 488 511 534 
5 28 51 74 97 120 143 166 189 212 235 258 281 304 327 350 374 397 420 443 466 489 512 535 
6 29 52 75 98 121 144 167 190 213 236 259 282 305 328 351 375 398 421 444 467 490 513 536 
7 30 53 76 99 122 145 168 191 214 237 260 283 306 329 352 376 399 422 445 468 491 514 537 
8 31 54 77 100 123 146 169 192 215 238 261 284 307 330 353 377 400 423 446 469 492 515 538 
9 32 55 78 101 124 147 170 193 216 239 262 285 308 331 354 378 401 424 447 470 493 516 539 
10 33 56 79 102 125 148 171 194 217 240 263 286 309 332 355 379 402 425 448 471 494 517 540 
11 34 57 80 103 126 149 172 195 218 241 264 287 310 333 356 380 403 426 449 472 495 518 541 
12 35 58 81 104 127 150 173 196 219 242 265 288 311 334 357 381 404 427 450 473 496 519 542 
13 36 59 82 105 128 151 174 197 220 243 266 289 312 335 358 382 405 428 451 474 497 520 543 
14 37 60 83 106 129 152 175 198 221 244 267 290 313 336 359 383 406 429 452 475 498 521 544 
15 38 61 84 107 130 153 176 199 222 245 268 291 314 337 360 384 407 430 453 476 499 522 545 
16 39 62 85 108 131 154 177 200 223 246 269 292 315 338 361 385 408 431 454 477 500 523 546 
17 40 63 86 109 132 155 178 201 224 247 270 293 316 339 362 386 409 432 455 478 501 524 547 
18 41 64 87 110 133 156 179 202 225 248 271 294 317 340 363 387 410 433 456 479 502 525 548 
19 42 65 88 111 134 157 180 203 226 249 272 295 318 341 364 388 411 434 457 480 503 526 549 
20 43 66 89 112 135 158 181 204 227 250 273 296 319 342 365 389 412 435 458 481 504 527 550 
21 44 67 90 113 136 159 182 205 228 251 274 297 320 343 366 390 413 436 459 482 505 528 551 
22 45 68 91 114 137 160 183 206 229 252 275 298 321 344 367 391 414 437 460 483 506 529 552 
0 23 46 69 92 115 138 161 184 207 230 253 276 299 322 345 368 392 415 438 461 484 507 530 
1 24 47 70 93 116 139 162 185 208 231 254 277 300 323 346 369 393 416 439 462 485 508 531 
2 25 48 71 94 117 140 163 186 209 232 255 278 301 324 347 370 394 417 440 463 486 509 532 
3 26 49 72 95 118 141 164 187 210 233 256 279 302 325 348 371 395 418 441 464 487 510 533 
4 27 50 73 96 119 142 165 188 211 234 257 280 303 326 349 372 396 419 442 465 488 511 534 
5 28 51 74 97 120 143 166 189 212 235 258 281 304 327 350 373 397 420 443 466 489 512 535 
6 29 52 75 98 121 144 167 190 213 236 259 282 305 328 351 374 398 421 444 467 490 513 536 
7 30 53 76 99 122 145 168 191 214 237 260 283 306 329 352 375 399 422 445 468 491 514 537 
8 31 54 77 100 123 146 169 192 215 238 261 284 307 330 353 376 400 423 446 469 492 515 538 
9 32 55 78 101 124 147 170 193 216 239 262 285 308 331 354 377 401 424 447 470 493 516 539 
10 33 56 79 102 125 148 171 194 217 240 263 286 309 332 355 378 402 425 448 471 494 517 540 
11 34 57 80 103 126 149 172 195 218 241 264 287 310 333 356 379 403 426 449 472 495 518 541 
12 35 58 81 104 127 150 173 196 219 242 265 288 311 334 357 380 404 427 450 473 496 519 542 
13 36 59 82 105 128 151 174 197 220 243 266 289 312 335 358 381 405 428 451 474 497 520 543 
14 37 60 83 106 129 152 175 198 221 244 267 290 313 336 359 382 406 429 452 475 498 521 544 
15 38 61 84 107 130 153 176 199 222 245 268 291 314 337 360 383 407 430 453 476 499 522 545 
16 39 62 85 108 131 154 177 200 223 246 269 292 315 338 361 384 408 431 454 477 500 523 546 
17 40 63 86 109 132 155 178 201 224 247 270 293 316 339 362 385 409 432 455 478 501 524 547 
18 41 64 87 110 133 156 179 202 225 248 271 294 317 340 363 386 410 433 456 479 502 525 548 
19 42 65 88 111 134 157 180 203 226 249 272 295 318 341 364 387 411 434 457 480 503 526 549 
20 43 66 89 112 135 158 181 204 227 250 273 296 319 342 365 388 412 435 458 481 504 527 550 
21 44 67 90 113 136 159 182 205 228 251 274 297 320 343 366 389 413 436 459 482 505 528 551 
22 45 68 91 114 137 160 183 206 229 252 275 298 321 344 367 390 414 437 460 483 506 529 552 
0 23 46 69 92 115 138 161 184 207 230 253 276 299 322 345 368 391 415 438 461 484 507 530 
1 24 47 70 93 116 139 162 185 208 231 254 277 300 323 346 369 392 416 439 462 485 508 531 
2 25 48 71 94 117 140 163 186 209 232 255 278 301 324 347 370 393 417 440 463 486 509 532 
3 26 49 72 95 118 141 164 187 210 233 256 279 302 325 348 371 394 418 441 464 487 510 533 
4 27 50 73 96 119 142 165 188 211 234 257 280 303 326 349 372 395 419 442 465 488 511 534 
5 28 51 74 97 120 143 166 189 212 235 258 281 304 327 350 373 396 420 443 466 489 512 535 
6 29 52 75 98 121 144 167 190 213 236 259 282 305 328 351 374 397 421 444 467 490 513 536 
7 30 53 76 99 122 145 168 191 214 237 260 283 306 329 352 375 398 422 445 468 491 514 537 
8 31 54 77 100 123 146 169 192 215 238 261 284 307 330 353 376 399 423 446 469 492 515 538 
9 32 55 78 101 124 147 170 193 216 239 262 285 308 331 354 377 400 424 447 470 493 516 539 
10 33 56 79 102 125 148 171 194 217 240 263 286 309 332 355 378 401 425 448 471 494 517 540 
11 34 57 80 103 126 149 172 195 218 241 264 287 310 333 356 379 402 426 449 472 495 518 541 
12 35 58 81 104 127 150 173 196 219 242 265 288 311 334 357 380 403 427 450 473 496 519 542 
13 36 59 82 105 128 151 174 197 220 243 266 289 312 335 358 381 404 428 451 474 497 520 543 
14 37 60 83 106 129 152 175 198 221 244 267 290 313 336 359 382 405 429 452 475 498 521 544 
15 38 61 84 107 130 153 176 199 222 245 268 291 314 337 360 383 406 430 453 476 499 522 545 
16 39 62 85 108 131 154 177 200 223 246 269 292 315 338 361 384 407 431 454 477 500 523 546 
17 40 63 86 109 132 155 178 201 224 247 270 293 316 339 362 385 408 432 455 478 501 524 547 
18 41 64 87 110 133 156 179 202 225 248 271 294 317 340 363 386 409 433 456 479 502 525 548 
19 42 65 88 111 134 157 180 203 226 249 272 295 318 341 364 387 410 434 457 480 503 526 549 
20 43 66 89 112 135 158 181 204 227 250 273 296 319 342 365 388 411 435 458 481 504 527 550 
21 44 67 90 113 136 159 182 205 228 251 274 297 320 343 366 389 412 436 459 482 505 528 551 
22 45 68 91 114 137 160 183 206 229 252 275 298 321 344 367 390 413 437 460 483 506 529 552 
0 23 46 69 92 115 138 161 184 207 230 253 276 299 322 345 368 391 414 438 461 484 507 530 
1 24 47 70 93 116 139 162 185 208 231 254 277 300 323 346 369 392 415 439 462 485 508 531 
2 25 48 71 94 117 140 163 186 209 232 255 278 301 324 347 370 393 416 440 463 486 509 532 
3 26 49 72 95 118 141 164 187 210 233 256 279 302 325 348 371 394 417 441 464 487 510 533 
4 27 50 73 96 119 142 165 188 211 234 257 280 303 326 349 372 395 418 442 465 488 511 534 
5 28 51 74 97 120 143 166 189 212 235 258 281 304 327 350 373 396 419 443 466 489 512 535 
6 29 52 75 98 121 144 167 190 213 236 259 282 305 328 351 374 397 420 444 467 490 513 536 
7 30 53 76 99 122 145 168 191 214 237 260 283 306 329 352 375 398 421 445 468 491 514 537 
8 31 54 77 100 123 146 169 192 215 238 261 284 307 330 353 376 399 422 446 469 492 515 538 
9 32 55 78 101 124 147 170 193 216 239 262 285 308 331 354 377 400 423 447 470 493 516 539 
10 33 56 79 102 125 148 171 194 217 240 263 286 309 332 355 378 401 424 448 471 494 517 540 
11 34 57 80 103 126 149 172 195 218 241 264 287 310 333 356 379 402 425 449 472 495 518 541 
12 35 58 81 104 127 150 173 196 219 242 265 288 311 334 357 380 403 426 450 473 496 519 542 
13 36 59 82 105 128 151 174 197 220 243 266 289 312 335 358 381 404 427 451 474 497 520 543 
14 37 60 83 106 129 152 175 198 221 244 267 290 313 336 359 382 405 428 452 475 498 521 544 
15 38 61 84 107 130 153 176 199 222 245 268 291 314 337 360 383 406 429 453 476 499 522 545 
16 39 62 85 108 131 154 177 200 223 246 269 292 315 338 361 384 407 430 454 477 500 523 546 
17 40 63 86 109 132 155 178 201 224 247 270 293 316 339 362 385 408 431 455 478 501 524 547 
18 41 64 87 110 133 156 179 202 225 248 271 294 317 340 363 386 409 432 456 479 502 525 548 
19 42 65 88 111 134 157 180 203 226 249 272 295 318 341 364 387 410 433 457 480 503 526 549 
20 43 66 89 112 135 158 181 204 227 250 273 296 319 342 365 388 411 434 458 481 504 527 550 
21 44 67 90 113 136 159 182 205 228 251 274 297 320 343 366 389 412 435 459 482 505 528 551 
22 45 68 91 114 137 160 183 206 229 252 275 298 321 344 367 390 413 436 460 483 506 529 552 
0 23 46 69 92 115 138 161 184 207 230 253 276 299 322 345 368 391 414 437 461 484 507 530 
1 24 47 70 93 116 139 162 185 208 231 254 277 300 323 346 369 392 415 438 462 485 508 531 
2 25 48 71 94 117 140 163 186 209 232 255 278 301 324 347 370 393 416 439 463 486 509 532 
3 26 49 72 95 118 141 164 187 210 233 256 279 302 325 348 371 394 417 440 464 487 510 533 
4 27 50 73 96 119 142 165 188 211 234 257 280 303 326 349 372 395 418 441 465 488 511 534 
5 28 51 74 97 120 143 166 189 212 235 258 281 304 327 350 373 396 419 442 466 489 512 535 
6 29 52 75 98 121 144 167 190 213 236 259 282 305 328 351 374 397 420 443 467 490 513 536 
7 30 53 76 99 122 145 168 191 214 237 260 283 306 329 352 375 398 421 444 468 491 514 537 
8 31 54 77 100 123 146 169 192 215 238 261 284 307 330 353 376 399 422 445 469 492 515 538 
9 32 55 78 101 124 147 170 193 216 239 262 285 308 331 354 377 400 423 446 470 493 516 539 
10 33 56 79 102 125 148 171 194 217 240 263 286 309 332 355 378 401 424 447 471 494 517 540 
11 34 57 80 103 126 149 172 195 218 241 264 287 310 333 356 379 402 425 448 472 495 518 541 
12 35 58 81 104 127 150 173 196 219 242 265 288 311 334 357 380 403 426 449 473 496 519 542 
13 36 59 82 105 128 151 174 197 220 243 266 289 312 335 358 381 404 427 450 474 497 520 543 
14 37 60 83 106 129 152 175 198 221 244 267 290 313 336 359 382 405 428 451 475 498 521 544 
15 38 61 84 107 130 153 176 199 222 245 268 291 314 337 360 383 406 429 452 476 499 522 545 
16 39 62 85 108 131 154 177 200 223 246 269 292 315 338 361 384 407 430 453 477 500 523 546 
17 40 63 86 109 132 155 178 201 224 247 270 293 316 339 362 385 408 431 454 478 501 524 547 
18 41 64 87 110 133 156 179 202 225 248 271 294 317 340 363 386 409 432 455 479 502 525 548 
19 42 65 88 111 134 157 180 203 226 249 272 295 318 341 364 387 410 433 456 480 503 526 549 
20 43 66 89 112 135 158 181 204 227 250 273 296 319 342 365 388 411 434 457 481 504 527 550 
21 44 67 90 113 136 159 182 205 228 251 274 297 320 343 366 389 412 435 458 482 505 528 551 
22 45 68 91 114 137 160 183 206 229 252 275 298 321 344 367 390 413 436 459 483 506 529 552 
0 23 46 69 92 115 138 161 184 207 230 253 276 299 322 345 368 391 414 437 460 484 507 530 
1 24 47 70 93 116 139 162 185 208 231 254 277 300 323 346 369 392 415 438 461 485 508 531 
2 25 48 71 94 117 140 163 186 209 232 255 278 301 324 347 370 393 416 439 462 486 509 532 
3 26 49 72 95 118 141 164 187 210 233 256 279 302 325 348 371 394 417 440 463 487 510 533 
4 27 50 73 96 119 142 165 188 211 234 257 280 303 326 349 372 395 418 441 464 488 511 534 
5 28 51 74 97 120 143 166 189 212 235 258 281 304 327 350 373 396 419 442 465 489 512 535 
6 29 52 75 98 121 144 167 190 213 236 259 282 305 328 351 374 397 420 443 466 490 513 536 
7 30 53 76 99 122 145 168 191 214 237 260 283 306 329 352 375 398 421 444 467 491 514 537 
8 31 54 77 100 123 146 169 192 215 238 261 284 307 330 353 376 399 422 445 468 492 515 538 
9 32 55 78 101 124 147 170 193 216 239 262 285 308 331 354 377 400 423 446 469 493 516 539 
10 33 56 79 102 125 148 171 194 217 240 263 286 309 332 355 378 401 424 447 470 494 517 540 
11 34 57 80 103 126 149 172 195 218 241 264 287 310 333 356 379 402 425 448 471 495 518 541 
12 35 58 81 104 127 150 173 196 219 242 265 288 311 334 357 380 403 426 449 472 496 519 542 
13 36 59 82 105 128 151 174 197 220 243 266 289 312 335 358 381 404 427 450 473 497 520 543 
14 37 60 83 106 129 152 175 198 221 244 267 290 313 336 359 382 405 428 451 474 498 521 544 
15 38 61 84 107 130 153 176 199 222 245 268 291 314 337 360 383 406 429 452 475 499 522 545 
16 39 62 85 108 131 154 177 200 223 246 269 292 315 338 361 384 407 430 453 476 500 523 546 
17 40 63 86 109 132 155 178 201 224 247 270 293 316 339 362 385 408 431 454 477 501 524 547 
18 41 64 87 110 133 156 179 202 225 248 271 294 317 340 363 386 409 432 455 478 502 525 548 
19 42 65 88 111 134 157 180 203 226 249 272 295 318 341 364 387 410 433 456 479 503 526 549 
20 43 66 89 112 135 158 181 204 227 250 273 296 319 342 365 388 411 434 457 480 504 527 550 
21 44 67 90 113 136 159 182 205 228 251 274 297 320 343 366 389 412 435 458 481 505 528 551 
22 45 68 91 114 137 160 183 206 229 252 275 298 321 344 367 390 413 436 459 482 506 529 552 
0 23 46 69 92 115 138 161 184 207 230 253 276 299 322 345 368 391 414 437 460 483 507 530 
1 24 47 70 93 116 139 162 185 208 231 254 277 300 323 346 369 392 415 438 461 484 508 531 
2 25 48 71 94 117 140 163 186 209 232 255 278 301 324 347 370 393 416 439 462 485 509 532 
3 26 49 72 95 118 141 164 187 210 233 256 279 302 325 348 371 394 417 440 463 486 510 533 
4 27 50 73 96 119 142 165 188 211 234 257 280 303 326 349 372 395 418 441 464 487 511 534 
5 28 51 74 97 120 143 166 189 212 235 258 281 304 327 350 373 396 419 442 465 488 512 535 
6 29 52 75 98 121 144 167 190 213 236 259 282 305 328 351 374 397 420 443 466 489 513 536 
7 30 53 76 99 122 145 168 191 214 237 260 283 306 329 352 375 398 421 444 467 490 514 537 
8 31 54 77 100 123 146 169 192 215 238 261 284 307 330 353 376 399 422 445 468 491 515 538 
9 32 55 78 101 124 147 170 193 216 239 262 285 308 331 354 377 400 423 446 469 492 516 539 
10 33 56 79 102 125 148 171 194 217 240 263 286 309 332 355 378 401 424 447 470 493 517 540 
11 34 57 80 103 126 149 172 195 218 241 264 287 310 333 356 379 402 425 448 471 494 518 541 
12 35 58 81 104 127 150 173 196 219 242 265 288 311 334 357 380 403 426 449 472 495 519 542 
13 36 59 82 105 128 151 174 197 220 243 266 289 312 335 358 381 404 427 450 473 496 520 543 
14 37 60 83 106 129 152 175 198 221 244 267 290 313 336 359 382 405 428 451 474 497 521 544 
15 38 61 84 107 130 153 176 199 222 245 268 291 314 337 360 383 406 429 452 475 498 522 545 
16 39 62 85 108 131 154 177 200 223 246 269 292 315 338 361 384 407 430 453 476 499 523 546 
17 40 63 86 109 132 155 178 201 224 247 270 293 316 339 362 385 408 431 454 477 500 524 547 
18 41 64 87 110 133 156 179 202 225 248 271 294 317 340 363 386 409 432 455 478 501 525 548 
19 42 65 88 111 134 157 180 203 226 249 272 295 318 341 364 387 410 433 456 479 502 526 549 
20 43 66 89 112 135 158 181 204 227 250 273 296 319 342 365 388 411 434 457 480 503 527 550 
21 44 67 90 113 136 159 182 205 228 251 274 297 320 343 366 389 412 435 458 481 504 528 551 
22 45 68 91 114 137 160 183 206 229 252 275 298 321 344 367 390 413 436 459 482 505 529 552 
0 23 46 69 92 115 138 161 184 207 230 253 276 299 322 345 368 391 414 437 460 483 506 530 
1 24 47 70 93 116 139 162 185 208 231 254 277 300 323 346 369 392 415 438 461 484 507 531 
2 25 48 71 94 117 140 163 186 209 232 255 278 301 324 347 370 393 416 439 462 485 508 532 
3 26 49 72 95 118 141 164 187 210 233 256 279 302 325 348 371 394 417 440 463 486 509 533 
4 27 50 73 96 119 142 165 188 211 234 257 280 303 326 349 372 395 418 441 464 487 510 534 
5 28 51 74 97 120 143 166 189 212 235 258 281 304 327 350 373 396 419 442 465 488 511 535 
6 29 52 75 98 121 144 167 190 213 236 259 282 305 328 351 374 397 420 443 466 489 512 536 
7 30 53 76 99 122 145 168 191 214 237 260 283 306 329 352 375 398 421 444 467 490 513 537 
8 31 54 77 100 123 146 169 192 215 238 261 284 307 330 353 376 399 422 445 468 491 514 538 
9 32 55 78 101 124 147 170 193 216 239 262 285 308 331 354 377 400 423 446 469 492 515 539 
10 33 56 79 102 125 148 171 194 217 240 263 286 309 332 355 378 401 424 447 470 493 516 540 
11 34 57 80 103 126 149 172 195 218 241 264 287 310 333 356 379 402 425 448 471 494 517 541 
12 35 58 81 104 127 150 173 196 219 242 265 288 311 334 357 380 403 426 449 472 495 518 542 
13 36 59 82 105 128 151 174 197 220 243 266 289 312 335 358 381 404 427 450 473 496 519 543 
14 37 60 83 106 129 152 175 198 221 244 267 290 313 336 359 382 405 428 451 474 497 520 544 
15 38 61 84 107 130 153 176 199 222 245 268 291 314 337 360 383 406 429 452 475 498 521 545 
16 39 62 85 108 131 154 177 200 223 246 269 292 315 338 361 384 407 430 453 476 499 522 546 
17 40 63 86 109 132 155 178 201 224 247 270 293 316 339 362 385 408 431 454 477 500 523 547 
18 41 64 87 110 133 156 179 202 225 248 271 294 317 340 363 386 409 432 455 478 501 524 548 
19 42 65 88 111 134 157 180 203 226 249 272 295 318 341 364 387 410 433 456 479 502 525 549 
20 43 66 89 112 135 158 181 204 227 250 273 296 319 342 365 388 411 434 457 480 503 526 550 
21 44 67 90 113 136 159 182 205 228 251 274 297 320 343 366 389 412 435 458 481 504 527 551 
22 45 68 91 114 137 160 183 206 229 252 275 298 321 344 367 390 413 436 459 482 505 528 552 
0 23 46 69 92 115 138 161 184 207 230 253 276 299 322 345 368 391 414 437 460 483 506 529 
1 24 47 70 93 116 139 162 185 208 231 254 277 300 323 346 369 392 415 438 461 484 507 530 
2 25 48 71 94 117 140 163 186 209 232 255 278 301 324 347 370 393 416 439 462 485 508 531 
3 26 49 72 95 118 141 164 187 210 233 256 279 302 325 348 371 394 417 440 463 486 509 532 
4 27 50 73 96 119 142 165 188 211 234 257 280 303 326 349 372 395 418 441 464 487 510 533 
5 28 51 74 97 120 143 166 189 212 235 258 281 304 327 350 373 396 419 442 465 488 511 534 
6 29 52 75 98 121 144 167 190 213 236 259 282 305 328 351 374 397 420 443 466 489 512 535 
7 30 53 76 99 122 145 168 191 214 237 260 283 306 329 352 375 398 421 444 467 490 513 536 
8 31 54 77 100 123 146 169 192 215 238 261 284 307 330 353 376 399 422 445 468 491 514 537 
9 32 55 78 101 124 147 170 193 216 239 262 285 308 331 354 377 400 423 446 469 492 515 538 
10 33 56 79 102 125 148 171 194 217 240 263 286 309 332 355 378 401 424 447 470 493 516 539 
11 34 57 80 103 126 149 172 195 218 241 264 287 310 333 356 379 402 425 448 471 494 517 540 
12 35 58 81 104 127 150 173 196 219 242 265 288 311 334 357 380 403 426 449 472 495 518 541 
13 36 59 82 105 128 151 174 197 220 243 266 289 312 335 358 381 404 427 450 473 496 519 542 
14 37 60 83 106 129 152 175 198 221 244 267 290 313 336 359 382 405 428 451 474 497 520 543 
15 38 61 84 107 130 153 176 199 222 245 268 291 314 337 360 383 406 429 452 475 498 521 544 
16 39 62 85 108 131 154 177 200 223 246 269 292 315 338 361 384 407 430 453 476 499 522 545 
17 40 63 86 109 132 155 178 201 224 247 270 293 316 339 362 385 408 431 454 477 500 523 546 
18 41 64 87 110 133 156 179 202 225 248 271 294 317 340 363 386 409 432 455 478 501 524 547 
19 42 65 88 111 134 157 180 203 226 249 272 295 318 341 364 387 410 433 456 479 502 525 548 
20 43 66 89 112 135 158 181 204 227 250 273 296 319 342 365 388 411 434 457 480 503 526 549 
21 44 67 90 113 136 159 182 205 228 251 274 297 320 343 366 389 412 435 458 481 504 527 550 
22 45 68 91 114 137 160 183 206 229 252 275 298 321 344 367 390 413 436 459 482 505 528 551 
23 46 69 92 115 138 161 184 207 230 253 276 299 322 345 368 391 414 437 460 483 506 529 552 
