0 6 11 16 21 26 
1 7 12 17 22 27 
2 8 13 18 23 28 
3 9 14 19 24 29 
4 10 15 20 25 30 
0 5 11 16 21 26 
1 6 12 17 22 27 
2 7 13 18 23 28 
3 8 14 19 24 29 
4 9 15 20 25 30 
0 5 10 16 21 26 
1 6 11 17 22 27 
2 7 12 18 23 28 
3 8 13 19 24 29 
4 9 14 20 25 30 
0 5 10 15 21 26 
1 6 11 16 22 27 
2 7 12 17 23 28 
3 8 13 18 24 29 
4 9 14 19 25 30 
0 5 10 15 20 26 
1 6 11 16 21 27 
2 7 12 17 22 28 
3 8 13 18 23 29 
4 9 14 19 24 30 
0 5 10 15 20 25 
1 6 11 16 21 26 
2 7 12 17 22 27 
3 8 13 18 23 28 
4 9 14 19 24 29 
5 10 15 20 25 30 
