0 8 15 22 29 36 43 50 
1 9 16 23 30 37 44 51 
2 10 17 24 31 38 45 52 
3 11 18 25 32 39 46 53 
4 12 19 26 33 40 47 54 
5 13 20 27 34 41 48 55 
6 14 21 28 35 42 49 56 
0 7 15 22 29 36 43 50 
1 8 16 23 30 37 44 51 
2 9 17 24 31 38 45 52 
3 10 18 25 32 39 46 53 
4 11 19 26 33 40 47 54 
5 12 20 27 34 41 48 55 
6 13 21 28 35 42 49 56 
0 7 14 22 29 36 43 50 
1 8 15 23 30 37 44 51 
2 9 16 24 31 38 45 52 
3 10 17 25 32 39 46 53 
4 11 18 26 33 40 47 54 
5 12 19 27 34 41 48 55 
6 13 20 28 35 42 49 56 
0 7 14 21 29 36 43 50 
1 8 15 22 30 37 44 51 
2 9 16 23 31 38 45 52 
3 10 17 24 32 39 46 53 
4 11 18 25 33 40 47 54 
5 12 19 26 34 41 48 55 
6 13 20 27 35 42 49 56 
0 7 14 21 28 36 43 50 
1 8 15 22 29 37 44 51 
2 9 16 23 30 38 45 52 
3 10 17 24 31 39 46 53 
4 11 18 25 32 40 47 54 
5 12 19 26 33 41 48 55 
6 13 20 27 34 42 49 56 
0 7 14 21 28 35 43 50 
1 8 15 22 29 36 44 51 
2 9 16 23 30 37 45 52 
3 10 17 24 31 38 46 53 
4 11 18 25 32 39 47 54 
5 12 19 26 33 40 48 55 
6 13 20 27 34 41 49 56 
0 7 14 21 28 35 42 50 
1 8 15 22 29 36 43 51 
2 9 16 23 30 37 44 52 
3 10 17 24 31 38 45 53 
4 11 18 25 32 39 46 54 
5 12 19 26 33 40 47 55 
6 13 20 27 34 41 48 56 
0 7 14 21 28 35 42 49 
1 8 15 22 29 36 43 50 
2 9 16 23 30 37 44 51 
3 10 17 24 31 38 45 52 
4 11 18 25 32 39 46 53 
5 12 19 26 33 40 47 54 
6 13 20 27 34 41 48 55 
7 14 21 28 35 42 49 56 
